9.999794999989183308e-01 5.025122880768155380e-04 -6.380358170464089061e-03 -4.596714015580808353e-03 -5.005160142490648221e-04 9.999998000001049103e-01 3.144874438333803259e-04 -2.001524032557077445e-03 6.380514829718002962e-03 -3.112874563358889336e-04 9.999796000009755215e-01 9.154274000149639767e-02
9.999752083937459846e-01 5.597128137748491258e-04 -7.025880692594193774e-03 -4.812145099062108654e-03 -5.604680560068618558e-04 9.999998457623542336e-01 -1.053944174922554080e-04 -2.390222100150660774e-03 7.025822043509468741e-03 1.093296263082045816e-04 9.999752954252514314e-01 9.422644213810044134e-02
9.999716159153727579e-01 3.336701544963335277e-04 -7.523659285268258050e-03 -6.209035347553945594e-03 -3.383737569832636640e-04 9.999997200684993537e-01 -6.240347877608965355e-04 -2.527333458814902400e-03 7.523449751703599302e-03 6.265627202914814033e-04 9.999715373962955178e-01 9.782143238489696135e-02
9.999578983830305079e-01 6.681035921126049016e-04 -9.153842678601845431e-03 -8.922662474129762836e-03 -6.809345581989044265e-04 9.999987991497056861e-01 -1.398651600603673020e-03 1.625357780673172825e-04 9.152901097844310524e-03 1.404825497138673497e-03 9.999570733919466159e-01 1.040522669985782800e-01
9.999358972250604882e-01 2.588671647784609228e-04 -1.131821365721723434e-02 -1.067362807010665410e-02 -2.789232244534244737e-04 9.999984116942102208e-01 -1.770377863553749187e-03 -3.942110251828230549e-04 1.131773493574300508e-02 1.773421120431051051e-03 9.999343809708517439e-01 1.142032463827954425e-01
9.999085343420047733e-01 -4.533610878288546475e-05 -1.352239145119405600e-02 -1.199855138072673452e-02 3.233954910809015053e-05 9.999994898793613807e-01 -9.614137244850699641e-04 -3.404985857979915542e-04 1.352242480311285737e-02 9.608889754801297435e-04 9.999081841207879684e-01 1.274041525266793595e-01
9.998703238533477311e-01 7.874569883335325179e-05 -1.610482000308454190e-02 -1.508953974222165123e-02 -7.908425791535784359e-05 1.000000084823431390e+00 -2.029240029349838232e-05 -3.403636973721242340e-04 1.610482518976292035e-02 2.156255731559475380e-05 9.998702802480274876e-01 1.400462580352559439e-01
9.998252559335912837e-01 -1.231166657657696431e-03 -1.865228007128055462e-02 -1.541865765070456196e-02 1.229961666815383194e-03 9.999992030061253256e-01 -7.612450318688176098e-05 -7.005816174587451914e-04 1.865235403408180281e-02 5.317037450528732393e-05 9.998260353834272918e-01 1.537276264338329756e-01
9.997980200389732230e-01 -1.347840351981243736e-03 -2.005482818664999084e-02 -1.777551140040703470e-02 1.346386611456269061e-03 9.999990802803536694e-01 -8.603145373413057992e-05 -8.977344761387567526e-04 2.005492802233323213e-02 5.901291323984408850e-05 9.997988324722196785e-01 1.649935849641570584e-01
9.997520425780849207e-01 -7.175523730508588031e-05 -2.226921975256625566e-02 -2.126918497419738596e-02 6.698257030392072318e-05 9.999999572979728635e-01 -2.150473860357485635e-04 -3.314092214216340232e-03 2.226916542280612046e-02 2.135011871472164804e-04 9.997520048536658877e-01 1.728512947342035755e-01
9.996962732245185945e-01 3.580376095437983169e-03 -2.437941659352539994e-02 -2.757423344566609091e-02 -3.610826546678300424e-03 9.999927549693071738e-01 -1.205092984920860420e-03 -5.762268746880499365e-03 2.437502469468588381e-02 1.292757724253903225e-03 9.997020342332418874e-01 1.794859281930389905e-01
9.996571678792058879e-01 4.709646328075705983e-03 -2.575819899173017319e-02 -3.231835688991494676e-02 -4.757368479901518364e-03 9.999871405526392643e-01 -1.791663569043896401e-03 -7.532717192953682084e-03 2.574935384801806809e-02 1.913588719283879991e-03 9.996665819157398714e-01 1.858509030501471759e-01
9.996198005169807388e-01 3.754317566791617617e-03 -2.731540330095411431e-02 -3.357834244112829769e-02 -3.778850890463108462e-03 9.999924181689008318e-01 -8.464612949536249589e-04 -6.986350796399937862e-03 2.731206927072831608e-02 9.493604002705109679e-04 9.996265461140679820e-01 1.938578108686186408e-01
9.995445462074568077e-01 9.479836702845105198e-04 -3.016464301470403800e-02 -3.366664049660135494e-02 -9.686183508448085837e-04 9.999993801703888074e-01 -6.697458051181252913e-04 -2.569038906250417642e-03 3.016396747477144771e-02 6.986579707135828548e-04 9.995447052363900520e-01 2.020403499777305711e-01
9.994923055762764408e-01 1.874945870959453037e-03 -3.180451776252887774e-02 -3.739491534895150043e-02 -1.868553593957137174e-03 9.999981996138823659e-01 2.307725707304969260e-04 -1.348889404717036611e-03 3.180497122887367134e-02 -1.712262165280937034e-04 9.994940941341662333e-01 2.086480022223282660e-01
9.994453143865889011e-01 2.247594184722861467e-03 -3.322803324703920563e-02 -4.151221359566643898e-02 -2.226385168272852245e-03 9.999972577597118217e-01 6.756465978590350807e-04 -2.274088052102610918e-03 3.322949192241322208e-02 -6.012933458538051532e-04 9.994475518183992824e-01 2.147445971728121350e-01
9.993668766255363600e-01 1.919147130093882669e-03 -3.552467479672188899e-02 -4.081601699473033640e-02 -1.901498537003244770e-03 9.999980620639717932e-01 5.303595270698425188e-04 -1.694015321622392017e-03 3.552549531059449872e-02 -4.624699710518299488e-04 9.993686998700574975e-01 2.193130244233767456e-01
9.993605289928221280e-01 2.923547003466940575e-03 -3.563756168769564858e-02 -4.377142784975848744e-02 -2.935593622677112793e-03 9.999956429184909679e-01 -2.856835987223240608e-04 -2.287014924813660088e-03 3.563656934679394761e-02 3.901185788092532470e-04 9.993646894606220688e-01 2.198246219428208192e-01
9.993420883285417666e-01 3.448902451753055754e-03 -3.610277428522865040e-02 -4.979947529065270606e-02 -3.454055604645804058e-03 9.999940822705473131e-01 -8.027108701976357823e-05 2.903556463620483863e-03 3.610238072202685139e-02 2.049207655683094671e-04 9.993481343188135302e-01 2.261511293944251655e-01
9.992623174449251078e-01 1.039741266508271240e-03 -3.838964553410683517e-02 -4.696951760299977741e-02 -1.050746246766504554e-03 9.999993424497853889e-01 -2.664181387139829367e-04 3.918769133289087131e-03 3.838933998586772228e-02 3.065553036955630229e-04 9.992627455891949229e-01 2.296182095492547148e-01
9.991656962429775746e-01 -3.411045326547981933e-03 -4.069805055821992118e-02 -4.222585246320564867e-02 3.337998994762883184e-03 9.999927830629224967e-01 -1.862795754577665532e-03 3.414800862350270139e-03 4.070411111933258663e-02 1.725391415419186411e-03 9.991698351702991143e-01 2.325211996759097843e-01
9.990518056527577517e-01 -5.010631899062925436e-03 -4.324847281229585866e-02 -4.247491877344450328e-02 4.952755262909827247e-03 9.999866564344807029e-01 -1.445234118661497397e-03 4.285226103986315704e-04 4.325503653948396116e-02 1.229670250596688131e-03 9.990633023911998922e-01 2.380758519420216324e-01
9.989113026654641292e-01 3.704654781409077785e-04 -4.664801039539254179e-02 -5.462770695179308689e-02 -2.767104706064080081e-04 9.999978959513982080e-01 2.016165689082136288e-03 -2.573449291603710151e-03 4.664872251047413876e-02 -2.001065175415851338e-03 9.989093572052288872e-01 2.452878757521266273e-01
9.987158991605347147e-01 5.995197671000396591e-03 -5.030502888888706281e-02 -6.894273245949200657e-02 -5.818630022287090559e-03 9.999764563405677542e-01 3.655804638445474784e-03 -5.164537397820270076e-03 5.032585608919158682e-02 -3.358401791755563897e-03 9.987271771251567953e-01 2.540114606388641505e-01
9.986152293917909262e-01 3.509728583829592029e-03 -5.249073029938700063e-02 -6.802469208962613756e-02 -3.476437637175334387e-03 9.999936041456668478e-01 7.254504372337946226e-04 -5.102177525627152321e-03 5.249283120639947064e-02 -5.419690259254307486e-04 9.986211397331057338e-01 2.588863402769705502e-01
9.985060174896143170e-01 8.552010209958842710e-04 -5.463575472018946527e-02 -6.412702799513192442e-02 -8.953621156961510345e-04 9.999993430741946909e-01 -7.106598157058593990e-04 -5.562760037004156610e-03 5.463517315510827560e-02 7.585164789423575480e-04 9.985060780133674374e-01 2.669769741906860006e-01
9.983773892435348074e-01 -5.327908203853423848e-03 -5.669434871196059322e-02 -5.625059502865847882e-02 5.311696266887168047e-03 9.999858362525172462e-01 -4.365471451080156300e-04 -3.089303563007066156e-03 5.669586406078465368e-02 1.346936388183359501e-04 9.983914871717075590e-01 2.763959443469996557e-01
9.983139074955145187e-01 -4.518370037911612069e-03 -5.786948471509227587e-02 -6.024863969497951111e-02 4.490005323268560396e-03 9.999897051996968766e-01 -6.203394623587113466e-04 -3.392165048787663950e-03 5.787173050005731123e-02 3.594632516771268630e-04 9.983239730873120221e-01 2.876787185849041251e-01
9.983468121228091796e-01 -1.986855893536575070e-03 -5.744170342464140905e-02 -6.421731194854851665e-02 2.061926940005918540e-03 9.999971307500203910e-01 1.247760550086303433e-03 -3.771962069625114933e-03 5.743900438606922010e-02 -1.364140908343108210e-03 9.983480669181457046e-01 2.969558850089812907e-01
9.982535962210419278e-01 -1.206938834036053827e-03 -5.906242624705728556e-02 -6.763022289679510024e-02 1.333554600798349038e-03 9.999969185960730922e-01 2.104421898456147137e-03 -3.100935478285438140e-03 5.905966239892602998e-02 -2.179505070207171224e-03 9.982520987070734320e-01 3.100702210698536021e-01
9.981778047851519453e-01 -7.367940120564786793e-04 -6.033797356354549113e-02 -6.895798927834428937e-02 8.105050096073896379e-04 9.999989543814884474e-01 1.197152088153858283e-03 -2.916912414639885598e-03 6.033701992127607494e-02 -1.243873430805449414e-03 9.981772814976218600e-01 3.193075530018782970e-01
9.981899200731547683e-01 3.961876933696787230e-04 -6.013811517229496195e-02 -7.078500912142926538e-02 -2.853809419496416131e-04 9.999982058880018121e-01 1.851012357161900719e-03 -2.561601424792392390e-03 6.013877767429606780e-02 -1.830499725890539055e-03 9.981883535343001324e-01 3.297469583838648077e-01
9.981923336412232839e-01 2.034735653129115759e-04 -6.010018711254397350e-02 -7.202755696798401885e-02 -6.334813939548970265e-05 9.999973258825750611e-01 2.333559963368969908e-03 -1.160423035990842955e-03 6.010055555156477991e-02 -2.325527239956121789e-03 9.981895681139649756e-01 3.461544017674533791e-01
9.982120492455988092e-01 1.148517836373585564e-03 -5.976141952712277911e-02 -7.252252399617953316e-02 -1.044625075500260538e-03 9.999978930274689981e-01 1.769594903826002307e-03 -3.165988284580451007e-03 5.976327072183461320e-02 -1.704006575515750171e-03 9.982112177020641131e-01 3.588994620002221581e-01
9.983005799744473219e-01 -7.803853060460850437e-04 -5.827022579666344543e-02 -6.873015443738772490e-02 9.917942441467228563e-04 9.999930253177701234e-01 3.599287506661510982e-03 -6.154499815752362268e-03 5.826701710556373565e-02 -3.650963159986202796e-03 9.982942710131740283e-01 3.766955026547957885e-01
9.984286846257076631e-01 -2.304463384782030107e-03 -5.598851521768753031e-02 -5.979002686491341478e-02 2.474604998797142255e-03 9.999924885581179534e-01 2.969733709497405713e-03 -9.144437697993307301e-03 5.598125695581977063e-02 -3.103615337744176049e-03 9.984270018414893588e-01 3.879563959569791720e-01
9.986226361275305496e-01 -1.317361649319830942e-03 -5.245156596919057362e-02 -5.857297861401100647e-02 1.351450822830439335e-03 9.999988686075130806e-01 6.144261578513446819e-04 -9.137877778271991103e-03 5.245072111624869693e-02 -6.844723439828541249e-04 9.986233408849677362e-01 3.997354788399754000e-01
9.988268434770860571e-01 3.397294593069669685e-03 -4.830594945359557163e-02 -6.190967958895132739e-02 -3.375519563763832494e-03 9.999941811728735308e-01 5.323729188339407139e-04 -6.816366948257324143e-03 4.830746677630989167e-02 -3.686888954124789629e-04 9.988324567969480983e-01 4.166181230591288198e-01
9.990571054708885512e-01 3.597285194212566581e-03 -4.326505780335154761e-02 -5.711963382890772323e-02 -3.603634064137773742e-03 9.999935568036099065e-01 -6.870650061072109240e-05 -4.416474301392775414e-03 4.326451417876030214e-02 2.245571572573903897e-04 9.990635495675141975e-01 4.332996794928902773e-01
9.992615779529246955e-01 2.466669706740495880e-03 -3.834424059750845409e-02 -4.964854355621195481e-02 -2.528850158029733852e-03 9.999954901582748246e-01 -1.573226191484836719e-03 -3.337203402689309373e-03 3.834022994937550527e-02 1.669028739923606678e-03 9.992634096874999372e-01 4.475124096384419659e-01
9.993950435287246581e-01 1.674388677713339077e-04 -3.477745214999835438e-02 -4.298296734117279527e-02 -2.585136695947640585e-04 9.999965508160979510e-01 -2.614326431115086922e-03 -5.115149428905230167e-03 3.477689635984154010e-02 2.621734787976024404e-03 9.993916587645164107e-01 4.626142071815833035e-01
9.994949666740101657e-01 6.101846989793464736e-05 -3.177813879178373324e-02 -3.530504583955540454e-02 -1.453800473519936578e-04 9.999965318749058918e-01 -2.652393107529302154e-03 -7.578547045545308558e-03 3.177786963092477102e-02 2.655668050640658685e-03 9.994914522140340152e-01 4.761468549304295195e-01
9.996371786276909699e-01 1.297375783156062053e-03 -2.690367553509830437e-02 -3.433553467720784624e-02 -1.343966640980081553e-03 9.999976063577902252e-01 -1.713735840658541345e-03 -6.081291573354991042e-03 2.690139309259469841e-02 1.749279804806931887e-03 9.996364786891334120e-01 4.943142009266319192e-01
9.997733129655640427e-01 9.923340069827994193e-04 -2.126749492248465948e-02 -2.788460049986873912e-02 -1.042088297391144305e-03 9.999967641241384042e-01 -2.328490454059647420e-03 -3.364979561072040104e-03 2.126511168260745988e-02 2.350124123374834964e-03 9.997711888559609461e-01 5.095258046662767271e-01
9.998647480248699093e-01 1.950778278810816913e-05 -1.644684423481226898e-02 -2.002694951350481034e-02 -4.239031580993756019e-05 9.999990239491935995e-01 -1.390931676494011398e-03 -6.616673009921247850e-04 1.644680547394098899e-02 1.391441740006753780e-03 9.998637490114099524e-01 5.292026227455526310e-01
9.999108001117462674e-01 -8.291318316935589530e-04 -1.333344534764854990e-02 -1.604155941767437810e-02 8.341222960684810048e-04 9.999995711657733155e-01 3.686431492227800074e-04 -3.290690164739970558e-03 1.333313650341660939e-02 -3.797332804597729639e-04 9.999110695212893862e-01 5.450175619446699926e-01
9.999505728900843771e-01 1.284707218073858834e-03 -9.852208074530643261e-03 -1.315264770309720888e-02 -1.267191667257486004e-03 9.999976394153222703e-01 1.784050926759400474e-03 -8.205680145887017662e-03 9.854473667141219750e-03 -1.771482116576985700e-03 9.999498551011952729e-01 5.590252939959050593e-01
9.999742561712836597e-01 2.351971786861256283e-03 -6.777516887276604542e-03 -1.259291755373936894e-02 -2.339797657615414177e-03 9.999956390452839905e-01 1.803402241215550745e-03 -1.082471541017548944e-02 6.781731701973007544e-03 -1.787502911681187415e-03 9.999754212552020016e-01 5.769406389203197705e-01
9.999895799913559591e-01 1.527486041645582753e-04 -4.573723267027327358e-03 -5.201869375228262982e-03 -1.487398575879492224e-04 9.999996143906715318e-01 8.773252203505830290e-04 -6.408198949344107165e-03 4.573891779785788092e-03 -8.766259158205970013e-04 9.999890618902241846e-01 5.900014942515596772e-01
9.999954757077319512e-01 -2.422777012665102564e-03 -1.762889117512028009e-03 7.379265813396429508e-04 2.422736372423942800e-03 9.999970137719864649e-01 -2.548899695057058721e-05 -3.899997514833830614e-03 1.762954050929708754e-03 2.121549831858532563e-05 9.999985045755875879e-01 6.079020573236615377e-01
9.999973878213546108e-01 -2.217446972347412310e-03 6.132775300343653192e-04 1.426498721121660651e-03 2.216360837213533861e-03 9.999960089937454111e-01 1.768380205432747805e-03 -5.549762358830812037e-03 -6.172607155400549510e-04 -1.767011973541802051e-03 9.999982521114489931e-01 6.234234069572277548e-01
9.999987107967439615e-01 6.295281448240618895e-04 1.498307388772216614e-03 -4.206174841634435779e-04 -6.338382529281628552e-04 9.999956432738382750e-01 2.878229674609398669e-03 -1.171797103635510706e-02 -1.496456397796922097e-03 -2.879172506867276170e-03 9.999947511097607711e-01 6.392386479344978056e-01
9.999952454688171288e-01 2.384682492484885719e-03 1.939449532216888390e-03 -2.107334643567604360e-03 -2.385894001712534577e-03 9.999969077478010338e-01 6.238647310575490398e-04 -1.260259058571677748e-02 -1.937977620178230834e-03 -6.284985397566342571e-04 9.999979180422056135e-01 6.550047234636604543e-01
9.999971345709631754e-01 1.686408967965413036e-03 1.698361630263362345e-03 -3.747231874820400321e-03 -1.681837586105131921e-03 9.999949703776781496e-01 -2.694134558165900591e-03 -9.878158381350587991e-03 -1.702888838685312880e-03 2.691266684961146280e-03 9.999948995416656494e-01 6.654679756938310931e-01
9.999990990521522294e-01 3.527978567679521745e-04 1.247353125804600985e-03 -5.957713831037381169e-04 -3.525564168617486421e-04 9.999999234466776521e-01 -1.907686813118895149e-04 -4.926053350186143653e-03 -1.247426625202496375e-03 1.903345293045071633e-04 9.999992289528719658e-01 6.837939510372095242e-01
9.999987035921675815e-01 -5.267054200523620675e-04 1.539649721441601260e-03 8.393643053006272226e-04 5.232257733777295793e-04 9.999973336326440920e-01 2.262533824852184117e-03 -3.592740734785937473e-03 -1.540832151256672994e-03 -2.261722178147444143e-03 9.999962729740509149e-01 7.006428147085212998e-01
9.999979007833479372e-01 8.497882433191057249e-04 1.878065806437050544e-03 -6.149150050935858758e-04 -8.564297984505012682e-04 9.999934018641536415e-01 3.536948547875742865e-03 -8.062660989248071619e-03 -1.875055952739440980e-03 -3.538554695745783647e-03 9.999919237730291455e-01 7.172027066350725732e-01
9.999977140767526418e-01 1.043015925293176065e-03 1.860830107062280865e-03 -4.169697117362147765e-06 -1.049124132786138442e-03 9.999940397385655988e-01 3.283705757584117011e-03 -1.234808917206137169e-02 -1.857390316179240121e-03 -3.285641550852916402e-03 9.999928644185862581e-01 7.316372620662079385e-01
9.999976229273743744e-01 1.129542909154110375e-03 1.853287353307081194e-03 3.357800473100525096e-04 -1.127581468652075593e-03 9.999988056615218834e-01 -1.063349760007612074e-03 -9.950560713981093652e-03 -1.854481824292573923e-03 1.061252066310748934e-03 9.999977636898975675e-01 7.418375479706256215e-01
9.999957577277344134e-01 2.195828243016165280e-03 1.943876671369813023e-03 -7.976848877389031145e-04 -2.190526611177546872e-03 9.999938864257672533e-01 -2.722514692360957726e-03 -7.118089108069103332e-03 -1.949849907208866216e-03 2.718248513606382182e-03 9.999944131903184541e-01 7.557960115762369924e-01
9.999978003125963300e-01 1.302043934291541825e-03 1.617971902390687297e-03 -8.129861772196989023e-04 -1.300752329375369281e-03 9.999987868990986017e-01 -8.000525998506020139e-04 -6.962685362779330589e-03 -1.619004772455446889e-03 7.979479983707700843e-04 9.999983352802455094e-01 7.672902844654103660e-01
9.999950895908301662e-01 -2.696318266615953339e-03 1.600384229848403382e-03 6.378209495474074231e-03 2.692913421390043856e-03 9.999941705211964349e-01 2.127673279778381082e-03 -6.633278690452548698e-03 -1.606116511203076929e-03 -2.123357879535491943e-03 9.999964376301448965e-01 7.873532887244856227e-01
9.999964815353363790e-01 -2.424995478198925004e-03 1.111716561947698667e-03 5.167706290569284988e-03 2.422779807066564959e-03 9.999951004737139826e-01 1.991909441860304462e-03 -1.091869506913445420e-02 -1.116548704737971515e-03 -1.989208612045433987e-03 9.999973990993481499e-01 7.938873720033399195e-01
9.999987520519981743e-01 -8.200164755586096532e-04 1.331619215334042729e-03 2.408309005677899961e-03 8.169890047659007348e-04 9.999970133578980347e-01 2.271992982998061444e-03 -1.232881089958076659e-02 -1.333474851175691419e-03 -2.270911111202148207e-03 9.999965376642986348e-01 8.023953966713293084e-01
9.999997514929133136e-01 4.703673405815327345e-05 7.117123501407539342e-04 6.924686779887778698e-04 -4.409493594493773091e-05 9.999915194758494108e-01 -4.137607205563909388e-03 -1.697637404988272536e-02 -7.118957810656389648e-04 4.137582524169121194e-03 9.999912590447885830e-01 8.025594958823596414e-01
9.999989808812714820e-01 -1.332871040636965593e-03 4.702855342625253615e-04 3.470636004559324306e-03 1.336389396175746182e-03 9.999705054407609373e-01 -7.558171426294829978e-03 -1.660782570275831649e-02 -4.601996030490112296e-04 7.558784836980226261e-03 9.999712453031288639e-01 8.076566847659734094e-01
9.999939439536918995e-01 -3.477504141774563629e-03 -1.973705222243132951e-05 6.360306366670620548e-03 3.477365429665461253e-03 9.999816198269203538e-01 -4.967852013370613676e-03 -8.435010033499668047e-03 3.702140061972582588e-05 4.967762701834734125e-03 9.999877334620226321e-01 8.222261672964386037e-01
9.999986980532620251e-01 -1.534673146969596936e-03 -5.270152325219093145e-04 4.090464294337792239e-03 1.534349259374941619e-03 9.999986535975068369e-01 -6.148038245499774790e-04 -7.402775386909060673e-03 5.279536723116487950e-04 6.139905375728102899e-04 9.999996741775113440e-01 8.318245106397128552e-01
9.999994910573712925e-01 9.986833417558464883e-04 2.202335240446685980e-04 -1.151209910831063610e-03 -1.000555011071730099e-03 9.999619635781845650e-01 8.665728323465507130e-03 -9.227198630010952085e-03 -2.115788679135608167e-04 -8.665937029880502879e-03 9.999623683329819102e-01 8.453922924181149767e-01
9.999992477144158398e-01 1.164370934126370298e-03 -2.959372890201529939e-04 -2.886461731732126168e-03 -1.162287452749598141e-03 9.999751727050517625e-01 6.944216278240235123e-03 -1.321492816005176429e-02 3.040210334403272980e-04 -6.943873985677093477e-03 9.999758988043879748e-01 8.492163259767835370e-01
9.999980863768209716e-01 1.966415718675588228e-03 -2.482280520287199511e-04 -6.312241421935205210e-03 -1.964891292363310071e-03 9.999800351772057949e-01 6.007663962957897341e-03 -1.546320226915054441e-02 2.600312722749272454e-04 -6.007155920966625144e-03 9.999818687920254412e-01 8.486729418349199250e-01
9.999982467274961540e-01 1.807590696200050496e-03 -3.096521364850351294e-04 -7.528449834117267869e-03 -1.807300577896736289e-03 9.999978791104953135e-01 9.289114421631456536e-04 -2.141029321484477776e-02 3.113446861186028162e-04 -9.283580279006532548e-04 9.999995472683421704e-01 8.480773041735467643e-01
9.999999315954104517e-01 3.202824488842033208e-04 -3.925777908262007682e-04 -5.461503620660224101e-03 -3.215771214823676507e-04 9.999944751375399177e-01 -3.311058241203590491e-03 -2.089951569411108157e-02 3.915061622239399174e-04 3.311183619520690919e-03 9.999944163746664616e-01 8.427901033322946489e-01
9.999998909797711555e-01 -1.645653097897757352e-04 -4.573214525281537918e-04 -3.338891622711059881e-03 1.630476632486033768e-04 9.999945451330825019e-01 -3.308179840608910672e-03 -1.591535274664557242e-02 4.578604702692395489e-04 3.308104869151872081e-03 9.999944364305035638e-01 8.402290667834826365e-01
9.999988102889806330e-01 1.542952151800629354e-03 7.332297486946994002e-05 -4.213206610812925135e-03 -1.543042878576578571e-03 9.999979851663677310e-01 1.298546371476828063e-03 -1.325943498856152480e-02 -7.131993952434260140e-05 -1.298655001456707923e-03 9.999991345556779043e-01 8.449876119972863364e-01
9.999993573015919512e-01 1.080814955784444248e-03 2.379926244850296541e-04 -3.574286638919232928e-03 -1.081489674943167693e-03 9.999954103350984225e-01 2.827196403538826622e-03 -1.861179387932931917e-02 -2.349233567167900586e-04 -2.827451622066895313e-03 9.999960408598411732e-01 8.416726069529119059e-01
9.999995762519747755e-01 8.855093193513532317e-04 1.713071652768848412e-05 -5.596735919549011840e-03 -8.854941372983843751e-04 9.999990795926422260e-01 -1.055195098734154190e-03 -2.053982074732030316e-02 -1.807620915311449969e-05 1.055177660283385501e-03 9.999994190882621758e-01 8.439875867264809983e-01
9.999997007581032937e-01 7.217741845712741765e-04 4.327628204780041153e-04 -3.580919410428151650e-03 -7.195428202585947607e-04 9.999866304357071245e-01 -5.120679159099250644e-03 -1.858920328157720459e-02 -4.364496083352565128e-04 5.120371242060806592e-03 9.999868074228486226e-01 8.341838035744615354e-01
9.999991303714403923e-01 1.212582236382128958e-03 3.999296600079890024e-04 -2.224890352440667129e-03 -1.210765065595613942e-03 9.999889316714871690e-01 -4.528138719515502862e-03 -1.645425906325581611e-02 -4.054134075154621061e-04 4.527639275571830949e-03 9.999896486225117176e-01 8.367498380925439960e-01
9.999999575402704899e-01 1.388967766826718645e-05 4.394967644667879900e-04 -1.124889758934877193e-03 -1.411512319020981283e-05 9.999999382850289775e-01 5.258225514129986032e-04 -1.584408285261662552e-02 -4.395058972587100672e-04 -5.258233519970016657e-04 9.999997105458517943e-01 8.391789858014604420e-01
9.999991907701764049e-01 -9.684920477936906054e-04 7.364128830603916109e-04 8.612951579696215276e-04 9.664406296288272080e-04 9.999956892291753663e-01 2.773348700828980485e-03 -1.970477780628299147e-02 -7.390761978567621932e-04 -2.772634708481692967e-03 9.999959301683319923e-01 8.395816637475448374e-01
9.999998046882946356e-01 -5.380604730932650112e-04 4.456112502198885912e-04 -1.666771319621673797e-04 5.360613707127901122e-04 9.999897223343731101e-01 4.489138582274644455e-03 -1.725825161992655676e-02 -4.480335495982422128e-04 -4.488893129726236574e-03 9.999897845703730193e-01 8.429731772411130919e-01
9.999994380845977915e-01 -8.298212632646543348e-04 5.983173056993509355e-04 -5.723056745301491333e-04 8.265459640881811770e-04 9.999847834704237437e-01 5.454274726421399003e-03 -1.681287785936780299e-02 -6.028298900972393340e-04 -5.453784835127456487e-03 9.999849534546947361e-01 8.437667446922176850e-01
1.000000058277794146e+00 1.106262192472669151e-04 -1.522590902043195933e-04 -1.672498104851705136e-03 -1.100229195224751146e-04 9.999922422720493032e-01 3.951615063037696059e-03 -2.050319573860259759e-02 1.526833473221363580e-04 -3.951595483944265325e-03 9.999921666599917991e-01 8.371312439729265975e-01
9.999998691105806969e-01 -3.321488984234338931e-04 2.627576696220974275e-04 -1.872263578652777483e-04 3.323190723938551530e-04 9.999997082629400458e-01 -6.200861173716557418e-04 -2.231213860012570827e-02 -2.625453676889498043e-04 6.201695660794920425e-04 9.999998443881467081e-01 8.350696669082751100e-01
1.000000008274417596e+00 -1.239889380185457918e-04 1.723520085314464022e-04 -1.493466852918956533e-03 1.245876769076493227e-04 9.999937169127274261e-01 -3.533207923870977565e-03 -1.894343665652087338e-02 -1.719110417105342383e-04 3.533237709409267277e-03 9.999937006632164671e-01 8.328455795178228982e-01
9.999996069854898417e-01 7.133351222061574655e-04 4.103071446644074608e-04 -3.048467091744555546e-03 -7.114332633655059751e-04 9.999891185312325126e-01 -4.626228743183266254e-03 -2.017175467318210735e-02 -4.135954560900084254e-04 4.625928048088995964e-03 9.999892539291088678e-01 8.294700983071052747e-01
9.999921327169094543e-01 3.945585555482045495e-03 4.957427620468981026e-04 -7.773424289052144331e-03 -3.944353139243678488e-03 9.999891370717789441e-01 -2.456905427503742589e-03 -1.723782936376849761e-02 -5.054339714636547562e-04 2.454928694002431796e-03 9.999968616235431762e-01 8.299763392230019576e-01
9.999944477400588561e-01 3.303409291369332514e-03 -3.872846921968432473e-04 -7.960852295160414371e-03 -3.304149566757473133e-03 9.999927222032933827e-01 -1.926150296127661626e-03 -1.488595260355041194e-02 3.809141961867302650e-04 1.927414343324258469e-03 9.999980913568833341e-01 8.294398731710259653e-01
9.999989152610719856e-01 -1.270727939043091474e-03 -6.855751839975893084e-04 -1.355223273158401298e-03 1.269608279146410825e-03 9.999978179205232243e-01 -1.635369910741960161e-03 -1.857095941274999884e-02 6.876652466007733945e-04 1.634499460040994860e-03 9.999983648894653632e-01 8.263122330483625433e-01
9.999922553203198783e-01 -3.709552686761857093e-03 -1.344327007498596557e-03 2.916331465729449235e-03 3.704580848304422653e-03 9.999863869955947226e-01 -3.679854695086720150e-03 -1.724341410710672484e-02 1.357946647527424108e-03 3.674856146346658966e-03 9.999922969534763562e-01 8.259226156442807110e-01
9.999909575637988546e-01 -4.185438451488133864e-03 -8.051138845791028795e-04 2.346549227346450550e-03 4.183423688872638102e-03 9.999881365169692726e-01 -2.484556668399240647e-03 -1.313148712151679387e-02 8.155013515677522837e-04 2.481161195564124747e-03 9.999966522787742118e-01 8.248759088263781791e-01
9.999982354523923034e-01 -8.524581065690730675e-04 -1.661013829902630587e-03 -1.093368935418226329e-03 8.577631415586040248e-04 9.999945399325017581e-01 3.192378591334240744e-03 -1.339004003531729659e-02 1.658289529304068097e-03 -3.193805842056837534e-03 9.999935527288902337e-01 8.249318999429888777e-01
9.999967359649961640e-01 -1.784486446402593117e-03 -1.830439827844061208e-03 -3.338612995378298365e-04 1.796526598346240289e-03 9.999766332315600526e-01 6.595853609260558283e-03 -1.637319774723045018e-02 1.818621404953265231e-03 -6.599113982801729089e-03 9.999764827611727913e-01 8.268824447233313890e-01
9.999961900442735363e-01 -2.018728107638759033e-03 -1.854235895875391751e-03 9.321550946879142430e-04 2.025900729575524743e-03 9.999904412411002586e-01 3.876181789580070407e-03 -2.020756364011511153e-02 1.846403450240311763e-03 -3.879921491448639313e-03 9.999908417688935236e-01 8.185990961043714265e-01
9.999980900896912051e-01 -9.070663964620258530e-04 -1.767929048918519741e-03 3.069797492747383671e-04 9.048877637282525671e-04 9.999988286646381841e-01 -1.233435899850159403e-03 -2.239730246392190871e-02 1.769032230362330800e-03 1.231834504394195692e-03 9.999976400635917084e-01 8.126271806365252814e-01
9.999918976408618265e-01 3.918024404407130165e-03 -8.951973428051306645e-04 -8.290616340054235422e-03 -3.920630535999491788e-03 9.999880485983709821e-01 -2.928990039840301436e-03 -2.250937699130450831e-02 8.837273964892274677e-04 2.932474960948641424e-03 9.999953591191982349e-01 8.060427717431366545e-01
9.999905912586131151e-01 4.185553729053135413e-03 -1.158847460478041073e-03 -9.703797023508542452e-03 -4.189922154974479868e-03 9.999840970438879095e-01 -3.791166248739789944e-03 -1.912381381296834881e-02 1.142945915030933865e-03 3.795995573247851022e-03 9.999920664905949108e-01 8.009254038194697500e-01
9.999898375371402137e-01 4.377635178274608130e-03 -1.011757130824143466e-03 -1.153000554584249215e-02 -4.378949380857104570e-03 9.999895576369601802e-01 -1.298530569193369734e-03 -1.406742720906661859e-02 1.006074042855307441e-03 1.302937247497784742e-03 9.999987031507108215e-01 8.005251334595726576e-01
9.999970388629553231e-01 2.287617525580023549e-03 -9.159365276404323299e-04 -8.284075598411710928e-03 -2.286221325191220045e-03 9.999961691526988439e-01 1.529645393031167123e-03 -1.729647629029984479e-02 9.194217058741916901e-04 -1.527548819340627997e-03 9.999983730913615254e-01 7.980507075245313331e-01
9.999993579036504654e-01 -4.293646304210676752e-04 -9.693914587927911957e-04 -3.019527015277745363e-03 4.308963238956490193e-04 9.999986689807408569e-01 1.580615386095710366e-03 -1.788522139932258170e-02 9.687221175875900415e-04 -1.581029305774585845e-03 9.999983173890618637e-01 7.967176785429899155e-01
9.999979800827250020e-01 1.827544017545818054e-03 -8.710230026251562351e-04 -5.299799217312717303e-03 -1.827799719955239916e-03 9.999983240425819320e-01 -2.923729641592703789e-04 -1.859092537484408059e-02 8.704784337940144317e-04 2.939655356750693334e-04 9.999995140379906999e-01 7.898817973501053302e-01
9.999992811485513000e-01 1.093327448786461610e-03 -5.507577337152818079e-04 -4.064419960032594759e-03 -1.093358290184135405e-03 9.999993742705678423e-01 -7.104109958734829589e-05 -2.085474338895487723e-02 5.506791312809969146e-04 7.163581771062607292e-05 9.999998580210180954e-01 7.857174555740371602e-01
9.999988062699513014e-01 -1.431554682194788103e-03 -5.850211159975891601e-04 2.071232444826875962e-04 1.432414257016480924e-03 9.999978619856784157e-01 1.477747404367253398e-03 -1.749267029732926026e-02 5.829095951634879905e-04 -1.478578641481277309e-03 9.999987861104605580e-01 7.824412639080478016e-01
9.999991935540210042e-01 -1.208982619548431593e-03 -3.558862361867358329e-04 6.234561639564262236e-04 1.209866234450966650e-03 9.999961284566982744e-01 2.496940768829876943e-03 -1.960523208111020210e-02 3.528635171014888250e-04 -2.497371648780903099e-03 9.999968049910437085e-01 7.783808332778505701e-01
9.999998158733890419e-01 5.689048481764896140e-04 2.144488542625420702e-05 -3.563890104773648204e-03 -5.689937862582770782e-04 9.999897252593431540e-01 4.505846484030791993e-03 -1.874768886064237527e-02 -1.887853621871741960e-05 -4.505858881570260106e-03 9.999897931754185842e-01 7.764627526296479232e-01
9.999999217702154608e-01 -3.721910893807786180e-05 -4.779219377720261776e-04 -2.431155529129647164e-03 3.841136393077679252e-05 9.999969051456792934e-01 2.488076671911513063e-03 -2.050125030327021314e-02 4.778231589938062890e-04 -2.488080850220735548e-03 9.999968395962502976e-01 7.674854561347288495e-01
9.999995872831776156e-01 -4.065303322903170060e-04 -7.422443763570084688e-04 -2.629454601450476048e-04 4.063834501246641742e-04 9.999998949938164738e-01 -1.921349985789097201e-04 -2.070953989066515177e-02 7.423367754719480648e-04 1.918182588633043667e-04 9.999997404418254909e-01 7.592179715014140129e-01
9.999997540568871246e-01 -6.489933146874273190e-04 -4.726491079699263556e-04 -8.460093967155302153e-05 6.481165012612229723e-04 9.999980414269353801e-01 -1.853541648746670533e-03 -2.232058103488299139e-02 4.738337435369348229e-04 1.853243803439804998e-03 9.999981777546347317e-01 7.505401956813031461e-01
9.999999091143131347e-01 -2.388626807132427222e-04 -9.171531822426192218e-05 -2.084366484997879354e-03 2.385349318354583947e-04 9.999936604281738362e-01 -3.570913478783962775e-03 -2.280923467166906526e-02 9.256790566293438720e-05 3.570892659192657047e-03 9.999935749507492533e-01 7.362569188615637472e-01
1.000000017417859821e+00 2.183389720333617017e-04 4.522641493731070420e-05 -2.219821283427236835e-03 -2.182210132830148756e-04 9.999964970874068992e-01 -2.641281664669549532e-03 -2.079498881809604960e-02 -4.580644798222487845e-05 2.641272170704742940e-03 9.999965150416432191e-01 7.296618046989706841e-01
9.999990713563954303e-01 4.888389096897360940e-04 1.266837613601550687e-03 -7.396219116113655900e-04 -4.857070013146636998e-04 9.999967840165978616e-01 -2.468421881387622332e-03 -2.001473948162968419e-02 -1.268036869977278314e-03 2.467792179361269662e-03 9.999961297060487864e-01 7.121477313475423898e-01
9.999952012409534241e-01 2.001899391711466775e-03 2.366829919111960133e-03 -7.358640307479902276e-04 -2.000455616054276544e-03 9.999978497263888322e-01 -6.133628779935240216e-04 -1.959848925976026557e-02 -2.368052085073516205e-03 6.086334374400888432e-04 9.999970265031461469e-01 6.979356132796326051e-01
9.999921657185060209e-01 8.593788134549093863e-04 3.860828237412042892e-03 2.386840310543369981e-03 -8.639922656643729375e-04 9.999988397598522649e-01 1.195385452082744701e-03 -2.001373480467827370e-02 -3.859793836880747245e-03 -1.198713817462253393e-03 9.999918130305438524e-01 6.824303413104146898e-01
9.999822162066662745e-01 -1.088100784521501413e-03 5.854783786384687091e-03 7.559125777398811863e-03 1.081860631986301859e-03 9.999989014470314075e-01 1.068922622994086802e-03 -1.956169477939218027e-02 -5.855931141081923905e-03 -1.062564605470820833e-03 9.999822944343846887e-01 6.670753625379219898e-01
9.999743487832686295e-01 -1.085329871235098283e-03 7.085230410192389257e-03 8.650053202977403544e-03 1.073519806633017751e-03 9.999980360429963078e-01 1.669609592729100027e-03 -2.012212826059656123e-02 -7.087043429928452550e-03 -1.661960107473992466e-03 9.999735268940465049e-01 6.512598722724192157e-01
9.999622780823453905e-01 6.752392700137386941e-04 8.665253455865870591e-03 7.268632722021273196e-03 -6.879221161835234050e-04 9.999986514297927176e-01 1.460999043115387063e-03 -2.020668400680292187e-02 -8.664251634506646427e-03 -1.466912529818812207e-03 9.999613475916598881e-01 6.360583436025848414e-01
9.999259406390264004e-01 1.765435852964717398e-03 1.203583674060260816e-02 8.521278564115775112e-03 -1.787505045774996854e-03 9.999967716204416490e-01 1.823250189968617660e-03 -1.890834569973431911e-02 -1.203258424695818028e-02 -1.844623433710727801e-03 9.999259210471799220e-01 6.200670284957396916e-01
9.998907811835464621e-01 2.450124907816384270e-03 1.457475712945731881e-02 1.103146673085353413e-02 -2.475501597687617024e-03 9.999954739301692985e-01 1.722979060715382942e-03 -1.692458990804013297e-02 -1.457046100259142517e-02 -1.758872243703506243e-03 9.998923492731047746e-01 6.016118584373373324e-01
9.998288875721241808e-01 8.867710204196929116e-04 1.847736636781804540e-02 1.753388143314538183e-02 -9.122730748917659777e-04 9.999985843569593191e-01 1.371545143156645665e-03 -1.642081783135962425e-02 -1.847613113084516090e-02 -1.388163937711998528e-03 9.998282699543686869e-01 5.838808673916560110e-01
9.997620894179333195e-01 2.548744218035760485e-04 2.181361344283296727e-02 2.248259077201963940e-02 -2.723847736199202130e-04 9.999996846654879423e-01 7.997636185066957226e-04 -1.707808965498913700e-02 -2.181340056258907964e-02 -8.055162609223420452e-04 9.997618130221032073e-01 5.608071504906178006e-01
9.996771506543178365e-01 -1.316498197099786726e-03 2.537136984529315270e-02 3.072937658464175437e-02 1.297165713383365698e-03 9.999988353992913526e-01 7.784442210471673217e-04 -1.749736515203048626e-02 -2.537236657817382862e-02 -7.452782187554207217e-04 9.996777315880160941e-01 5.393784429600430030e-01
9.995843080268500547e-01 -2.848286612933998048e-03 2.868951301618293676e-02 3.945555730854000132e-02 2.862969691659695160e-03 9.999958299801412487e-01 -4.702797911629550158e-04 -1.703844035613055752e-02 -2.868805911370518602e-02 5.522186639187537860e-04 9.995883181249569649e-01 5.145825644592605386e-01
9.994289155084092879e-01 -2.463128938243908106e-03 3.370106632291047094e-02 4.532553771462710657e-02 2.454397163758371969e-03 9.999968848944351674e-01 3.002992631158122520e-04 -1.730340545328057367e-02 -3.370169812606952503e-02 -2.174124908735872456e-04 9.994318276001100676e-01 4.943412658219443756e-01
9.992929612179133336e-01 -2.221115225540684721e-03 3.753241999831496978e-02 4.766380313302409633e-02 2.208362905264026673e-03 9.999975136723002755e-01 3.812209894591545153e-04 -1.555129860949788778e-02 -3.753322124976624791e-02 -2.980701188481219336e-04 9.992953712064388538e-01 4.775744122554215210e-01
9.991741380896381752e-01 -1.812830252646262501e-03 4.059212725404047484e-02 5.012324893460728958e-02 1.815311260170836489e-03 9.999983255842170848e-01 -2.427517013477698796e-05 -1.604600329677419168e-02 -4.059192679691375066e-02 9.794614910395756113e-05 9.991758381656146160e-01 4.590091533829792070e-01
9.989597106242326108e-01 -2.813783819573095410e-03 4.551537316819318640e-02 5.653877700848219945e-02 2.747481018202161968e-03 9.999950460814119868e-01 1.519299436519776269e-03 -1.472097678768102824e-02 -4.551948155449158512e-02 -1.392667868861750336e-03 9.989625015828159649e-01 4.598688427744974661e-01
9.987926663016459816e-01 -4.513390522618488353e-03 4.891608614113816811e-02 6.249964204321756256e-02 4.510971433821806507e-03 9.999898233927627667e-01 1.597793271555770730e-04 -1.608846741577485417e-02 -4.891629818918499101e-02 6.106986938944904369e-05 9.988028414105750707e-01 4.444357714758098155e-01
9.986316420678762462e-01 -9.416667171470195774e-03 5.144192350163470651e-02 7.388702210631237222e-02 9.530647691013220332e-03 9.999526729194037067e-01 -1.970822066759323875e-03 -1.633512176695006701e-02 -5.142088921352958031e-02 2.458399221054980311e-03 9.986739919805457388e-01 4.446120360503158508e-01
9.985338900517770622e-01 -7.399372316814675603e-03 5.362113975917419395e-02 7.704385266696789358e-02 7.558921079134624764e-03 9.999675980049480550e-01 -2.773234686231008939e-03 -1.245428823716698830e-02 -5.359896192798765252e-02 3.174489835717397151e-03 9.985575708041902754e-01 4.308486795458321694e-01
9.984114216188294533e-01 -7.263151685712509152e-03 5.587463285296453280e-02 7.646317711177275100e-02 7.409489821824153874e-03 9.999696665038966259e-01 -2.412309722641062942e-03 -7.096398131961834110e-03 -5.585526878735348755e-02 2.822486204043428773e-03 9.984348733479881943e-01 4.388655391406217632e-01
