9.999994999998915723e-01 7.196823880015833621e-04 -6.870877704622141728e-04 -1.401751020404798723e-02 -7.197717122209860898e-04 9.999996999999450908e-01 -1.295636562419999970e-04 -2.820321042697540928e-02 6.869944297927041551e-04 1.300581436271270718e-04 9.999998000001633081e-01 1.198998000012436727e+00
9.999995784909327945e-01 7.112868039034227728e-04 -6.790854461343746222e-04 -1.302185364279737599e-02 -7.113738441839185774e-04 9.999997286812217778e-01 -1.285442660889509164e-04 -2.773381320417901696e-02 6.789933455882358939e-04 1.290272108994225831e-04 9.999996832462455520e-01 1.185195790000436844e+00
9.999994555869320401e-01 7.149385847576356827e-04 -6.825870239679551321e-04 -1.226202012112640946e-02 -7.150277422303550007e-04 9.999997567836211854e-01 -1.297052440300126201e-04 -2.773572481345509821e-02 6.824950289317866306e-04 1.301931622876560972e-04 9.999997660101171970e-01 1.191472139585466827e+00
9.999995327675670342e-01 7.149616253979609176e-04 -6.826231353905810569e-04 -1.143123748623210006e-02 -7.150510257790748062e-04 9.999996851124710595e-01 -1.302094156541593929e-04 -2.759410322304552132e-02 6.825298603075704868e-04 1.306975240288775952e-04 9.999997490287234614e-01 1.191699817459262345e+00
9.999995202828864116e-01 7.168524869098269383e-04 -6.844419181143728730e-04 -1.062789632540457607e-02 -7.169429545276815403e-04 9.999998192083907611e-01 -1.310565469209304737e-04 -2.752297879177216522e-02 6.843478720714941997e-04 1.315471769811454568e-04 9.999998373646485916e-01 1.195040071517910363e+00
9.999994834401126909e-01 7.140430397058946397e-04 -6.817735826884846950e-04 -9.753592467422425583e-03 -7.141324323687852239e-04 9.999997403145245434e-01 -1.310418427531327495e-04 -2.726975431524597537e-02 6.816796169287375100e-04 1.315285167954033515e-04 9.999997138767106053e-01 1.190544346244884366e+00
9.999994678341990184e-01 7.152240711657937254e-04 -6.829125350810416866e-04 -8.938782120720842328e-03 -7.153144061215425259e-04 9.999996730846286708e-01 -1.317591607359443401e-04 -2.716883325904337343e-02 6.828184865530674422e-04 1.322477193543612577e-04 9.999998010910412516e-01 1.192699459945976592e+00
9.999995374770451750e-01 7.143552416093366638e-04 -6.820967312219456064e-04 -8.096442336237297255e-03 -7.144457016912982407e-04 9.999997980558757993e-01 -1.320988246132312222e-04 -2.698829060504928656e-02 6.820025130091820304e-04 1.325862549490454032e-04 9.999996812298677096e-01 1.191439721760826131e+00
9.999995131753508515e-01 7.143642768952843634e-04 -6.821183206792007540e-04 -7.265977288449167182e-03 -7.144561772768292076e-04 9.999997264832432009e-01 -1.326012596080837686e-04 -2.684020326595337735e-02 6.820226585508943826e-04 1.330884950480484092e-04 9.999997645799713064e-01 1.191644629086326290e+00
9.999994871879959168e-01 7.142340163638691416e-04 -6.820035650694216290e-04 -6.433971861745560461e-03 -7.143242649086598006e-04 9.999997541949618984e-01 -1.330759906366833030e-04 -2.668544774268682973e-02 6.819086562256756372e-04 1.335631927500235516e-04 9.999997473013015892e-01 1.191604846366798753e+00
9.999995656806431876e-01 7.144672657245753613e-04 -6.822386887225740304e-04 -5.605259184266554728e-03 -7.145585967905628347e-04 9.999996844951118957e-01 -1.336199735063134267e-04 -2.654326830342157439e-02 6.821434638495453258e-04 1.341079371985202690e-04 9.999998324593960541e-01 1.192182561573474686e+00
9.999996105815210923e-01 5.774868590729719323e-04 -6.483732916560270686e-04 -4.680163944794119013e-03 -5.775572777140040555e-04 9.999998002512102691e-01 -1.093086748405776700e-04 -2.623727477038617639e-02 6.483100138315430394e-04 1.096828116334176581e-04 9.999997257947670359e-01 1.191678622677521560e+00
9.999979374316565472e-01 1.781755692380263684e-03 -9.443503980225875956e-04 -4.702134795761828134e-03 -1.782074089731456885e-03 9.999983537992183091e-01 -3.274822515781977065e-04 -2.735519862161800431e-02 9.437649233170794082e-04 3.291644981657645616e-04 9.999995170501210229e-01 1.193232969640888541e+00
9.999999087398965258e-01 -2.726783700612782184e-04 -4.494462535816385901e-04 -2.153920079192392367e-03 2.727098165678925072e-04 1.000000012253111858e+00 5.296990824832394209e-05 -2.485242722408986804e-02 4.494310582649062194e-04 -5.309340480414669321e-05 9.999998835017176457e-01 1.191109080418890187e+00
9.999996021500621168e-01 -5.719272700882718037e-04 -5.954850412353897586e-04 -1.449249968031932068e-03 5.721194772752027057e-04 9.999997270013046835e-01 3.230780193442524088e-04 -2.459500696807553899e-02 5.953037582086180037e-04 -3.234180762021310438e-04 9.999997748586746393e-01 1.193576462232396551e+00
9.999998807289618430e-01 -3.409184216920491768e-04 -4.905532611308971967e-04 -1.527811295562103017e-03 3.411141262144023740e-04 9.999999212281150962e-01 3.973768917594074860e-04 -2.420743505439720833e-02 4.904087170394005228e-04 -3.975438101299676522e-04 9.999998574360922099e-01 1.195705872294379191e+00
9.999997042197080743e-01 2.429817209916136037e-04 -6.866816643253267037e-04 -2.300367744778797005e-03 -2.436179217290480490e-04 9.999994731418794247e-01 -9.265288251592052092e-04 -2.519951792112551381e-02 6.864619489086694944e-04 9.266950679432393086e-04 9.999992615350059566e-01 1.193681530233131838e+00
9.999998742149879272e-01 -2.512102379935542552e-04 -4.848855490230624763e-04 -2.100165648473171186e-03 2.507038110257748739e-04 9.999994250483527081e-01 -1.044616556608976956e-03 -2.393234397823496007e-02 4.851528392533432325e-04 1.044494610200876134e-03 9.999993557264347244e-01 1.194642553711606325e+00
9.999994606157804888e-01 5.992163792077933844e-04 -8.170468926511244420e-04 -3.271120936750953473e-03 -5.987332008998954083e-04 9.999997311797700350e-01 5.940376709339859453e-04 -2.339576877848470460e-02 8.173944334297138193e-04 -5.935481043212332414e-04 9.999994885447330839e-01 1.194350538796005168e+00
9.999996969709379346e-01 2.347264330378729367e-04 -7.232188814873756868e-04 -2.690473707463197917e-03 -2.346340932592003332e-04 9.999999595141124686e-01 1.264086982498368564e-04 -2.513425395337048895e-02 7.232578267446260374e-04 -1.262385202255666245e-04 9.999998036063514339e-01 1.194326474231086621e+00
9.999996487338880247e-01 1.311729261342748139e-05 -9.065699741146312704e-04 -2.115770936718830431e-03 -1.381882158747404220e-05 9.999996924264371589e-01 -7.741341626731104405e-04 -2.580565424471920055e-02 9.065611948111500229e-04 7.741458489037642953e-04 9.999992565349185014e-01 1.194079998358322570e+00
9.999996399420886251e-01 2.578763963979749732e-04 -8.336704441356890607e-04 -2.938547039203188993e-03 -2.576048690323030780e-04 9.999998462376674668e-01 3.308519757475579547e-04 -2.214149703305368089e-02 8.337539023272667361e-04 -3.306370308395728650e-04 9.999996220060786145e-01 1.196499763522552939e+00
9.999992744627357322e-01 -8.926895053752547781e-04 -7.248525313542393675e-04 -1.559317862363990281e-03 8.942592450222305910e-04 9.999972883987496841e-01 2.161450360011552344e-03 -2.273579585654095236e-02 7.229118801672903064e-04 -2.162096395431638458e-03 9.999973550567752278e-01 1.198809547196542979e+00
9.999994210488829527e-01 -6.469775096706842062e-04 -8.990545381723746539e-04 -1.436278101450388922e-03 6.471559900347108492e-04 9.999997996180830517e-01 1.984785568234131222e-04 -2.299625749117439888e-02 8.989309897258154509e-04 -1.990602003882682160e-04 9.999995722657516461e-01 1.195627927047095085e+00
9.999994332202427616e-01 -6.033120701480829259e-04 -8.024394469241895572e-04 -1.293463760433780085e-03 6.022017364058178520e-04 9.999988538193168575e-01 -1.383430041914208378e-03 -2.548360216765954700e-02 8.032776117831092258e-04 1.382946463750756461e-03 9.999987545087725138e-01 1.191379937756376961e+00
9.999993948672539767e-01 -5.095941807226981321e-04 -9.846504932941731961e-04 -8.476261515588945361e-04 5.087989201486773890e-04 9.999994902122069096e-01 -8.074425912355622566e-04 -2.425693204789924895e-02 9.850548175024751840e-04 8.069405597685165013e-04 9.999991256549947138e-01 1.199885436481608281e+00
9.999996368167252125e-01 4.114612328878009592e-04 -7.491359380115301600e-04 -1.969642548788480552e-03 -4.114670650924981735e-04 1.000000009687907143e+00 -7.706001571253832353e-06 -2.392757794644850833e-02 7.491346014959774161e-04 8.013969120259986233e-06 9.999997727283043147e-01 1.204299791817920351e+00
9.999996635139495327e-01 -4.792430184457174120e-04 -6.617217030360933059e-04 -8.513170077287801618e-04 4.796073221327359633e-04 9.999997242821982990e-01 5.500315832090605598e-04 -2.463512557781244450e-02 6.614565331593369284e-04 -5.503488634343602342e-04 9.999995689786176367e-01 1.188616026315784779e+00
9.999998432579747520e-01 -2.496673288223040413e-04 -6.474085684299562410e-04 -1.054402971519097232e-03 2.498338744807968351e-04 9.999999407326749523e-01 2.565267922301599224e-04 -2.601922908011999880e-02 6.473485531800699574e-04 -2.566884885613920052e-04 9.999998462198139704e-01 1.194874914385103182e+00
9.999995077864118898e-01 -7.584360129458937337e-04 -4.931084920885616535e-04 -3.097014535392850210e-04 7.584720031399951523e-04 9.999996197589514635e-01 7.228435996102240257e-05 -2.465688746350125360e-02 4.930519438079011829e-04 -7.265733533129142688e-05 9.999998002906079764e-01 1.198066600287994277e+00
9.999998465311212836e-01 6.676138143908735378e-05 -5.946056528762794094e-04 -1.519588119992448805e-03 -6.676517994656893230e-05 1.000000037975073974e+00 -5.016534896241964822e-06 -2.558960324764780747e-02 5.946025635825200181e-04 5.056150634623872210e-06 9.999998214701575350e-01 1.197063665980280689e+00
9.999995850858989233e-01 -8.846421612603769507e-04 -2.040982825049140982e-04 6.549202201416859381e-05 8.847440086813720527e-04 9.999995425681204031e-01 4.966200943270273347e-04 -2.575086090180156440e-02 2.036543057414854046e-04 -4.968013089065595684e-04 9.999998447255243894e-01 1.197946130020852706e+00
1.000000039242682881e+00 1.080815983570452242e-04 8.554120776767695051e-05 -1.382753257014535109e-03 -1.081849168059204264e-04 9.999992614333933494e-01 1.205583165990627365e-03 -2.531338932633531158e-02 -8.540725023882601613e-05 -1.205592088031781205e-03 9.999993374875735253e-01 1.198938595913880079e+00
9.999998192867536329e-01 4.502951222524741734e-04 1.457377664289661407e-04 -1.505213239302916062e-03 -4.504325602618243062e-04 9.999993635105839385e-01 9.438122608296483891e-04 -2.686183871241043519e-02 -1.453141715951782910e-04 -9.438772669201960994e-04 9.999994948178602128e-01 1.197267114769701379e+00
9.999996836108703269e-01 8.025461742336036835e-04 5.486890153574684346e-05 -2.437741532582970994e-03 -8.025238311889606232e-04 9.999996311835677165e-01 -4.154796367551569138e-04 -2.752034756321819486e-02 -5.519649244607812853e-05 4.154349996707218601e-04 9.999999411651371295e-01 1.196577980159247545e+00
9.999996378713780221e-01 8.304630400377025715e-04 1.052468172936375540e-04 -3.048141978696294885e-03 -8.304531080335900888e-04 9.999996406680852212e-01 -9.437372560443511068e-05 -2.526168937216666244e-02 -1.053328462323293414e-04 9.428625716116588169e-05 9.999999872052391936e-01 1.197542393601025879e+00
9.999956395500179118e-01 2.944255106659920268e-03 4.611391238854294799e-04 -6.424149464513612129e-03 -2.944950744226973449e-03 9.999945882446225065e-01 1.506450692124193351e-03 -2.345644210008324126e-02 -4.566906678631855922e-04 -1.507801928035545349e-03 9.999987384024917603e-01 1.200115807933627821e+00
9.999986676280340214e-01 2.097987160508034215e-04 1.576244840249666586e-03 -2.426022793693694002e-03 -2.147392167362402612e-04 9.999950010603052553e-01 3.135209639232041778e-03 -2.240903342450706326e-02 -1.575587874934780913e-03 -3.135542615294760731e-03 9.999938359511790775e-01 1.200277249914016409e+00
9.999984074642165321e-01 5.104340296100921956e-04 1.731002372010818999e-03 -2.355760355939845452e-03 -5.151827870014812245e-04 9.999961428235070171e-01 2.749445644576837319e-03 -2.327966534665959486e-02 -1.729594964159066484e-03 -2.750333188510064100e-03 9.999947265630355631e-01 1.200662135881572112e+00
9.999984451906509531e-01 2.243412972952164928e-04 1.746346078797862949e-03 -1.226198188523319743e-03 -2.301296564110291069e-04 9.999944513476334285e-01 3.311751744638741658e-03 -2.326811622071756069e-02 -1.745581661903146181e-03 -3.312143496697135276e-03 9.999929882816918081e-01 1.205437503838439284e+00
9.999990950855435212e-01 -3.462052121216259654e-04 1.283014026154068350e-03 -1.226687059733781032e-03 3.434848324180272148e-04 9.999976948470554738e-01 2.120039351591802759e-03 -2.633192470101808347e-02 -1.283746548490149022e-03 -2.119599968306091348e-03 9.999969997264004373e-01 1.203006141315370314e+00
9.999975112313684855e-01 -1.659297610055829970e-03 1.477323144298048774e-03 7.151292431774869396e-04 1.661826954293841143e-03 9.999971958700941688e-01 -1.713254648338596994e-03 -2.565927617759888868e-02 -1.474479217508418505e-03 1.715708463082255952e-03 9.999973916113504835e-01 1.198825118779161869e+00
9.999993644098177370e-01 5.055143377065928183e-04 1.080876536841003004e-03 -2.356582069863055739e-03 -5.030175267833363788e-04 9.999971630380063425e-01 -2.304032145771648353e-03 -2.534785649276471986e-02 -1.082034578355958558e-03 2.303482199855726512e-03 9.999967798375956063e-01 1.201014165674216372e+00
9.999989714894614856e-01 1.151176020460332496e-03 8.163745723556084652e-04 -4.510311583344667197e-03 -1.151038888923415406e-03 9.999993412263851189e-01 -1.746453942067564499e-04 -2.409905987230853697e-02 -8.165840395267816689e-04 1.737049193024088579e-04 9.999996386305115559e-01 1.201232813038480174e+00
9.999995065922128168e-01 -9.688647141849713066e-04 4.562756276797451664e-05 -2.143659736503489288e-03 9.688858390619847728e-04 9.999994034464716464e-01 -4.652426733348575855e-04 -2.527288242315472999e-02 -4.517525771285509843e-05 4.652861768950262728e-04 9.999999391777577573e-01 1.205343618254644866e+00
9.999994960297466928e-01 -6.606099196544716525e-04 -7.331804331931946915e-04 -3.808905124573713774e-03 6.600814240537075921e-04 9.999995007764767019e-01 -7.208926947266463235e-04 -2.561314695681082831e-02 7.336603219994050238e-04 7.204075790576951882e-04 9.999994393091790057e-01 1.203895125021567480e+00
9.999988056365310962e-01 1.678280160698733168e-04 -1.535059383602929662e-03 -4.421283860120833742e-03 -1.679246012770091261e-04 1.000000061469001000e+00 -6.146510049126931304e-05 -2.478777743015569968e-02 1.535039704674046740e-03 6.172435180821922852e-05 9.999987847283470233e-01 1.205053242311819872e+00
9.999987996702746074e-01 4.865204068642347815e-06 -1.540601897351872229e-03 -4.895079897952542280e-03 -2.536080959624376593e-06 9.999988453625453522e-01 1.509529891447437908e-03 -2.702262539078925663e-02 1.540612521422649647e-03 -1.509524582894754318e-03 9.999976868918685202e-01 1.207504156780444760e+00
9.999995811361181985e-01 -8.647312938409027462e-06 -9.683828779865563414e-04 -4.713265476112837860e-03 9.004232718309247078e-06 9.999999178425997837e-01 3.751572153365507144e-04 -2.627055347263596019e-02 9.683794317142956120e-04 -3.751659835096093150e-04 9.999995095461077232e-01 1.204866580758022110e+00
9.999991816379097953e-01 9.629913190531841100e-04 -8.336816607897189115e-04 -5.769057624098203850e-03 -9.631990381877813655e-04 9.999995077369451257e-01 -2.629087443133165582e-04 -2.641066972772376786e-02 8.334352801481496788e-04 2.637117457285336895e-04 9.999995289694787459e-01 1.205999331639020511e+00
9.999996750303918880e-01 3.948889142200026300e-04 -7.112541538210459926e-04 -4.829813946705167893e-03 -3.949897976092366829e-04 9.999999155991285971e-01 -1.250375453512194671e-04 -2.677518019906122149e-02 7.112094130268533602e-04 1.253182373928628766e-04 9.999998222881848475e-01 1.203575532681931293e+00
9.999997817735951644e-01 -6.347665861370378184e-04 -1.684009330243033532e-04 -3.090595325999645482e-03 6.346774753735380005e-04 9.999996583469350497e-01 -5.538896234138189489e-04 -2.701446070364532659e-02 1.687465235003970032e-04 5.537828496144335533e-04 9.999997874792712071e-01 1.203583022389913992e+00
9.999992123689718238e-01 -1.275098408407989619e-03 -2.076141614569958389e-04 -1.256407606628873186e-03 1.274895097290973302e-03 9.999986655975616756e-01 -9.840630307084766420e-04 -2.675620342472639912e-02 2.088627666593266064e-04 9.837977787347938936e-04 9.999995061824332732e-01 1.201865272905052962e+00
9.999997463810389453e-01 -4.371507943240811474e-04 -3.592861954800151522e-04 -2.961873944195933528e-03 4.374840763493276045e-04 9.999994762434750717e-01 9.299698536209817339e-04 -2.363166637246871815e-02 3.588894870840306467e-04 -9.301262824396329659e-04 9.999994539744766486e-01 1.200180217795463022e+00
9.999999920395195030e-01 -4.513580004608049891e-05 -2.477423611416950137e-04 -2.590280562260460773e-03 4.567716420518393828e-05 9.999976293470567157e-01 2.186014537260495653e-03 -2.595337467379610352e-02 2.476329317660494250e-04 -2.186030264501143475e-03 9.999976012218972921e-01 1.202919859830075211e+00
9.999998272919761177e-01 4.676659614062249511e-04 -2.869517388462228887e-04 -4.035054422381459394e-03 -4.680809426243909819e-04 9.999988274438157410e-01 -1.446487767801088106e-03 -2.714794006794440939e-02 2.862757360898027779e-04 1.446625513182812645e-03 9.999989311019890081e-01 1.197267268428802822e+00
9.999989059700922223e-01 1.541479636577897713e-03 -5.729047289388429775e-05 -5.557994367267782287e-03 -1.541566538196167610e-03 9.999974152833561725e-01 -1.684037605480037843e-03 -2.419907705137736009e-02 5.469635735591321830e-05 1.684124314503954731e-03 9.999985837389410159e-01 1.193602259438208080e+00
9.999976224656530466e-01 2.159844905692763582e-03 -7.901774538795768878e-05 -6.519924819125499926e-03 -2.159839984540413375e-03 9.999976026410900554e-01 1.647658579527183761e-04 -2.490001971778244005e-02 7.937254333670349467e-05 -1.645945475418694596e-04 9.999999456584949264e-01 1.194381332757586733e+00
9.999983142489724530e-01 1.804025293933217726e-03 6.357733755986290619e-05 -5.573441789007621550e-03 -1.804049557050374421e-03 9.999984057590852737e-01 2.591298553185047483e-04 -2.483967258601404993e-02 -6.310700610443967110e-05 -2.592444667557170304e-04 9.999999962882025750e-01 1.191054020804330094e+00
9.999986838124741428e-01 1.644253449474039185e-03 2.074665082918900050e-04 -5.154979294562350711e-03 -1.644344249663184931e-03 9.999984757066425756e-01 4.799613123797963408e-04 -2.466003273274908203e-02 -2.066797219685484260e-04 -4.803023847665028353e-04 9.999998901521660599e-01 1.189992394623914151e+00
9.999995033015732782e-01 3.909319192532022193e-04 9.587261395093395417e-04 -2.835672136927716580e-03 -3.918354347286612640e-04 9.999995428709000933e-01 9.399316178133936212e-04 -2.667529924282874276e-02 -9.583658892897022920e-04 -9.403070642845096083e-04 9.999991330712934001e-01 1.186269138014253599e+00
9.999964613229495036e-01 1.655755960909482917e-03 2.061630893521443960e-03 -2.917701964700071537e-03 -1.657013791248895980e-03 9.999984054497638164e-01 6.116427049595557063e-04 -2.720538515657455747e-02 -2.060604253743195027e-03 -6.150541174672265621e-04 9.999976448938966422e-01 1.185336955889169985e+00
9.999962963100749169e-01 -5.768997168041142950e-04 2.653433837662116067e-03 1.480102035260860704e-03 5.788501002980811494e-04 9.999995623994736293e-01 -7.349010297093775800e-04 -3.066618638534324148e-02 -2.653007308812316625e-03 7.364325070802662035e-04 9.999962423899156905e-01 1.177926317569784942e+00
9.999912571827271890e-01 -3.434236252817903564e-03 2.388209465411781675e-03 5.804003207196983816e-03 3.447338470176712546e-03 9.999788901450555878e-01 -5.507304006023376435e-03 -2.837249370639627344e-02 -2.369249263712883916e-03 5.515488073841473549e-03 9.999819150230992992e-01 1.175063355133815435e+00
9.999968289031652136e-01 5.727043938915956072e-04 2.464262088399591516e-03 2.060875451046162432e-03 -5.685737861537509905e-04 9.999984627880998955e-01 -1.675553420479857945e-03 -2.410461377504291569e-02 -2.465218956809218150e-03 1.674145454884278178e-03 9.999956375550906884e-01 1.175473423838624853e+00
9.999955804165479023e-01 -7.226638670782629384e-04 2.869201025378676200e-03 2.983651945027476771e-03 7.114476008474394366e-04 9.999921070557428182e-01 3.908329336131712191e-03 -2.422592938682122110e-02 -2.872002557935716526e-03 -3.906269233186357784e-03 9.999882135747421019e-01 1.178268119712669204e+00
9.999946325760895594e-01 8.027571670146268991e-05 3.295458333220774999e-03 3.567464224998984079e-03 -8.678487944496773789e-05 9.999979889154926305e-01 1.976478184416120224e-03 -2.677058290509837235e-02 -3.295293749037801756e-03 -1.976753267644209243e-03 9.999925613435074467e-01 1.173689016957084164e+00
9.999917612636247677e-01 4.359772751388404119e-04 4.017840924582637835e-03 1.294474829778513580e-03 -4.271798742253704508e-04 9.999975223414909742e-01 -2.191107462995901898e-03 -2.656044044995953257e-02 -4.018786108147023341e-03 2.189372252781689003e-03 9.999895811850464389e-01 1.165935808980592014e+00
9.999935573734611838e-01 -8.961890493502130788e-04 3.489977977199664946e-03 4.654010731615976226e-03 9.049952941313485271e-04 9.999963997004379657e-01 -2.521745973732259904e-03 -2.685602391435004677e-02 -3.487706330295457357e-03 2.524888315103151776e-03 9.999906766871192731e-01 1.164466336007777159e+00
9.999931251354172712e-01 -1.425733442849749918e-03 3.414665572199016355e-03 5.801775503789130539e-03 1.438805307635209873e-03 9.999916841831761882e-01 -3.830468803065624917e-03 -2.777442432412446927e-02 -3.409176122403512112e-03 3.835354313412631371e-03 9.999869173925126642e-01 1.158845624195279811e+00
9.999942459389014049e-01 -8.648517960660676972e-04 3.295351699192286283e-03 4.628769708868940569e-03 8.683312663078020547e-04 9.999990763083127510e-01 -1.051996907069042628e-03 -2.424566828524810091e-02 -3.294443258946269139e-03 1.054852152615978669e-03 9.999939953878195231e-01 1.159542060333379254e+00
9.999934194184143532e-01 -1.737603340480912072e-04 3.614400208876231233e-03 2.464022190491022002e-03 1.667472246208520777e-04 9.999980821964268296e-01 1.941516637060544843e-03 -2.296146406383270389e-02 -3.614724254319912067e-03 -1.940900929424885539e-03 9.999915919133973707e-01 1.159666198845755503e+00
9.999920961424557664e-01 1.109767953612536160e-03 3.828094588024826949e-03 1.941375255510635611e-03 -1.113388402887895232e-03 9.999989224480193561e-01 9.399744649911927902e-04 -2.454135910407773125e-02 -3.827049070809779817e-03 -9.442289646984421960e-04 9.999922403546408489e-01 1.154348225865987843e+00
9.999930148264907226e-01 -3.714838585371233728e-04 3.694464779059010613e-03 3.710699365433889341e-03 3.798795605027087668e-04 9.999973654332822148e-01 -2.270578025151541099e-03 -2.666111854343999887e-02 -3.693609336599627986e-03 2.271965754948430949e-03 9.999905817611677294e-01 1.152952864536359812e+00
9.999945018428535448e-01 -3.786073820453365987e-04 3.308795481247986565e-03 3.982700126162086463e-03 3.870126233278869737e-04 9.999966447477481868e-01 -2.537677775692673190e-03 -2.388171288054841135e-02 -3.307821008301968339e-03 2.538942914096163107e-03 9.999912992679739210e-01 1.149961079591520274e+00
9.999946239659330827e-01 7.832805009193273072e-05 3.263924474106836768e-03 3.637613226103120212e-03 -7.714688208102581210e-05 9.999999652536888384e-01 -3.619165624722599532e-04 -2.242932278224585296e-02 -3.263960829330129956e-03 3.616624704701724849e-04 9.999945449472791292e-01 1.150672673219574449e+00
9.999950918542361844e-01 -1.311459555500704092e-03 2.861278750416816879e-03 4.484740228240191584e-03 1.307842519880833511e-03 9.999983858416567895e-01 1.262779192120307842e-03 -2.219952739884356596e-02 -2.862924185241514166e-03 -1.259029679584505040e-03 9.999951415390857523e-01 1.153856142413545172e+00
9.999958541516889010e-01 -7.121794303256744670e-04 2.784129969698671391e-03 4.840589755281676787e-03 7.084217447010320544e-04 9.999988364311470646e-01 1.351212708162242678e-03 -2.202386020987678883e-02 -2.785089533701386611e-03 -1.349235508737691358e-03 9.999951851604396147e-01 1.155582400605837279e+00
9.999960110543500980e-01 -7.543354694623207639e-04 2.736998893832741798e-03 4.911137651470554033e-03 7.491788135357302933e-04 9.999979524937903097e-01 1.884657481732563431e-03 -2.244798460222408032e-02 -2.738422268003309554e-03 -1.882599091434619632e-03 9.999944828855935608e-01 1.156777089075148979e+00
9.999964237237713993e-01 -1.085854690239990410e-03 2.440533608874650724e-03 5.896395873059567805e-03 1.082962209701523754e-03 9.999986866530917728e-01 1.186211398954206209e-03 -2.444760135183776661e-02 -2.441812934283228275e-03 -1.183564180762148319e-03 9.999963318303259907e-01 1.156551231375701150e+00
9.999963609492982242e-01 -1.382483048380821374e-03 2.287873387353154056e-03 5.412347279922791188e-03 1.387365178622305094e-03 9.999967090391841396e-01 -2.133478082376914602e-03 -2.585113657891580097e-02 -2.284919617340953370e-03 2.136644268627289726e-03 9.999951301520870750e-01 1.153896394017934313e+00
9.999963227044410541e-01 -1.618767886150842715e-03 2.219120766838979675e-03 6.798781888932126094e-03 1.626636973683020159e-03 9.999924088663713073e-01 -3.548486581036515777e-03 -2.421657859568160376e-02 -2.213359045191789793e-03 3.552081594497160603e-03 9.999912589266001239e-01 1.159167982103667782e+00
9.999977394291793553e-01 2.086140235713095418e-04 2.073375114554005302e-03 4.256101606272544302e-03 -2.020999438589330863e-04 9.999950656361791257e-01 -3.141472655038867520e-03 -2.182095496776415011e-02 -2.074020797890301342e-03 3.141046840802732328e-03 9.999928924324621438e-01 1.160530218224309351e+00
9.999987033040194095e-01 9.808597884112738160e-05 1.629929220313351777e-03 3.888994878002982603e-03 -9.642236891306088607e-05 9.999994197905608395e-01 -1.020562779482929189e-03 -2.078064769400489453e-02 -1.630025387682932638e-03 1.020403280058834001e-03 9.999981352181457339e-01 1.169134549661308142e+00
9.999997835965240833e-01 8.979983232646135947e-05 6.032069903995673820e-04 1.381955166388948442e-03 -9.017382466349552347e-05 9.999998296064691594e-01 6.188483268353877145e-04 -2.061742914600350751e-02 -6.031565405221817923e-04 -6.189018234810187693e-04 9.999996938220568898e-01 1.176107651869514825e+00
9.999997274942276082e-01 2.965967545201883982e-04 -7.585443520157276499e-04 -4.950303664630339995e-04 -2.950755348242312375e-04 9.999979156794149837e-01 2.004789688937595651e-03 -2.106036920779374988e-02 7.591401992366946872e-04 -2.004564564072831324e-03 9.999976982210764254e-01 1.182222819797402735e+00
9.999988433733613125e-01 -6.050050461641471970e-04 -1.375367783155608675e-03 2.238472596545193483e-04 6.072408077325736368e-04 9.999985332118078718e-01 1.624859997852672435e-03 -2.290228927046134011e-02 1.374389013229187660e-03 -1.625692886358447989e-03 9.999976428985704047e-01 1.185670429267858594e+00
9.999979225785430303e-01 3.108971994067201688e-04 -2.004346377473576867e-03 8.355942441644614860e-04 -3.096224341602547966e-04 9.999997331433613246e-01 6.368520853200030502e-04 -2.452209546401751261e-02 2.004533134929055525e-03 -6.362301180528588283e-04 9.999978475963122726e-01 1.192689495609812411e+00
9.999969249256492887e-01 1.738071991015639826e-04 -2.463320865788275020e-03 -1.397430635088348083e-03 -1.723697623628265836e-04 9.999998773882985414e-01 5.837725030200922481e-04 -2.374307642361661586e-02 2.463433680525369245e-03 -5.833463503759416880e-04 9.999967436470157400e-01 1.199160799802484689e+00
9.999951568231718602e-01 4.806999658410576444e-04 -3.106425684388485885e-03 -1.896072103892088023e-03 -4.807928866509618123e-04 9.999998677296358940e-01 -2.897322742614897025e-05 -2.483681190603137523e-02 3.106403848798913302e-03 3.046692909281194855e-05 9.999952508146505714e-01 1.200400652617005903e+00
9.999918301478640803e-01 1.445872537096540159e-03 -3.759706440114807691e-03 -4.836264765595288395e-03 -1.447126540541589972e-03 9.999989126295462105e-01 -3.309601327935539198e-04 -2.474864020727363112e-02 3.759225350625292842e-03 3.363983046400946314e-04 9.999928779510446342e-01 1.205539502054037371e+00
9.999923818210849635e-01 1.467817815873539359e-04 -3.911857086502473074e-03 -3.018014759716969309e-03 -1.460738963871880910e-04 9.999999040863453148e-01 1.810990267505735397e-04 -2.453966016708619691e-02 3.911883296187840427e-03 -1.805267747531958962e-04 9.999922571476236310e-01 1.207460066766444129e+00
9.999915354216000196e-01 6.823265659873608462e-04 -4.051228333973994761e-03 -2.719291454066130598e-03 -6.778918310211375564e-04 9.999991982397645751e-01 1.096225870925645555e-03 -2.590784275166746475e-02 4.051971508929775624e-03 -1.093469586981217012e-03 9.999912472866682167e-01 1.213622679162199347e+00
9.999906004593133169e-01 2.093774040136629766e-04 -4.328951802133307845e-03 -3.351798844918540965e-03 -2.058957500210758650e-04 9.999996725690514232e-01 8.046478078173841886e-04 -2.623794313074401252e-02 4.329121581827264330e-03 -8.037481068358608670e-04 9.999903263142351229e-01 1.216137330128930216e+00
9.999900304058605416e-01 1.724318062485590886e-04 -4.454935755899578319e-03 -2.796621864761039689e-03 -1.691766783931879193e-04 9.999996651943233728e-01 7.310309150890637953e-04 -2.618170211595272079e-02 4.455056710907619871e-03 -7.302704125649164607e-04 9.999897993309264654e-01 1.216705974036941029e+00
9.999885222201071455e-01 3.868454717385364991e-04 -4.791493822284931085e-03 -4.389200478360777424e-03 -3.860097265763077286e-04 9.999999725894137548e-01 1.753334528847948074e-04 -2.613831178505954256e-02 4.791568259451583003e-03 -1.734818201968342120e-04 9.999884824085076840e-01 1.218951591273253143e+00
9.999874331798941363e-01 8.308035896031896973e-04 -4.939350272218401804e-03 -5.216284006233973258e-03 -8.308518893134948791e-04 9.999996664293762105e-01 -7.077539476483298415e-06 -2.732947592771317602e-02 4.939340064711496107e-03 1.118120050776974715e-05 9.999877572955381266e-01 1.220357515429668638e+00
9.999875281230535817e-01 5.125552322890727843e-04 -4.956905290886511224e-03 -3.925414063204790693e-03 -5.140759968791556262e-04 9.999997993189200240e-01 -3.045432705897589340e-04 -2.873488698070580938e-02 4.956748433084951985e-03 3.070877046323947459e-04 9.999877367487219892e-01 1.223223489378909790e+00
9.999888827531068225e-01 8.830408555368942335e-04 -4.646735738540426659e-03 -3.819660903825794485e-03 -8.858659838560444888e-04 9.999993626234159327e-01 -6.075356615649790985e-04 -3.014296364793267458e-02 4.646196645908024989e-03 6.116448384812435846e-04 9.999889723938475417e-01 1.225609877760831523e+00
9.999914520706810750e-01 1.835768474690927833e-03 -3.688346416652228676e-03 -4.324268037959239086e-03 -1.836946700681077937e-03 9.999983063187587451e-01 -3.152772039917726217e-04 -2.914683123313199786e-02 3.687762356967044710e-03 3.220496314119814353e-04 9.999931772506511773e-01 1.228332498386848215e+00
9.999949813477919669e-01 2.344630366573959446e-03 -2.120310133570971808e-03 -4.161196245066750565e-03 -2.344224308931056305e-03 9.999972135973119736e-01 1.906020819801672046e-04 -2.853507276213829158e-02 2.120750284855335305e-03 -1.856293920924877714e-04 9.999977247410914982e-01 1.231565350243201351e+00
9.999990755292765821e-01 9.527500783769078663e-04 -9.656633842596040219e-04 -2.142325984696602514e-03 -9.530258104815796669e-04 9.999995497823123136e-01 -2.872512043203696288e-04 -2.791448074791302858e-02 9.653902965479900468e-04 2.881707177838529988e-04 9.999994925344412033e-01 1.229968724345710029e+00
9.999971873482879081e-01 2.128710759205548059e-03 -1.086045557063773257e-03 -4.545349242407348278e-03 -2.128264958310621333e-03 9.999976170209295967e-01 4.117726025895595502e-04 -2.554144707353600552e-02 1.086918314338740669e-03 -4.094602725023013226e-04 9.999993623323542025e-01 1.241199992782441086e+00
9.999984828043348983e-01 1.405255186283428138e-03 -1.013469276505469911e-03 -3.598754544438254044e-03 -1.404084646643900857e-03 9.999983501889531112e-01 1.164778015145230333e-03 -2.572242199250807104e-02 1.015105270866843365e-03 -1.163352966204048069e-03 9.999987797974545511e-01 1.240596733615106473e+00
9.999996986137823507e-01 3.855379417315788187e-05 -7.548182738251544817e-04 -1.836955344606927554e-03 -3.858823844678242385e-05 9.999999730215745064e-01 -3.860597262336319045e-05 -2.771549635081616003e-02 7.548166470253482889e-04 3.863512411631630356e-05 9.999997178534253406e-01 1.241264839817148413e+00
9.999943789680119099e-01 3.258251166400721963e-03 -8.734411952825562675e-04 -7.301785932193549655e-03 -3.256764057549384628e-03 9.999932273226469492e-01 1.696329853491608444e-03 -2.307450092391372110e-02 8.789649871857358084e-04 -1.693474541954840748e-03 9.999982084625739231e-01 1.246228925636870599e+00
9.999985283562718985e-01 1.603423708224292017e-03 -6.417968348941768299e-04 -5.575468725745658105e-03 -1.601536684207836847e-03 9.999944927619154322e-01 2.921977340424233155e-03 -2.418060284306022822e-02 6.464745483763075428e-04 -2.920944744005469183e-03 9.999954733450104882e-01 1.250089917004402196e+00
9.999991357289268468e-01 -1.030726588898509422e-03 -7.886929260648409311e-04 -2.692489097271488774e-03 1.031118749220320688e-03 9.999993795342558833e-01 4.963776734328247987e-04 -2.411894660021118852e-02 7.881895844580921783e-04 -4.971905566579856587e-04 9.999995795453644476e-01 1.249711454873775551e+00
9.999998179593436731e-01 -2.730634527791099249e-04 -4.974667690759927881e-04 -1.864493384357457373e-03 2.721159184065563910e-04 9.999980695256197594e-01 -1.916158554411198211e-03 -2.356704255712704921e-02 4.979809846059749575e-04 1.916022777303250926e-03 9.999980583238265996e-01 1.250208592586602663e+00
9.999960086226786782e-01 -2.726933809396702400e-03 -7.482578801564858904e-04 1.981073627886908994e-03 2.727436223120761200e-03 9.999960603119384395e-01 6.867675150684687986e-04 -2.232750943721439896e-02 7.463844201930751061e-04 -6.888061720394386082e-04 9.999994873408584173e-01 1.255508750334740853e+00
9.999966465493109746e-01 -2.371699736481596744e-03 -1.063080736543502072e-03 3.926142507446384045e-03 2.373748118896472272e-03 9.999953998715656045e-01 1.918825847180822327e-03 -2.377808170983053415e-02 1.058529967847701616e-03 -1.921342447198751266e-03 9.999975592555295778e-01 1.257875151111448986e+00
9.999959567187902687e-01 -2.811282616728411413e-03 -3.426805231504513366e-04 2.554013882231753740e-03 2.811914977198115822e-03 9.999942877211090986e-01 1.847234609351139758e-03 -2.419199319621290201e-02 3.374788527867539161e-04 -1.848189382133234859e-03 9.999982380247487423e-01 1.262372346378725751e+00
9.999983759669532901e-01 -1.783576741428642264e-03 -3.481863114225105041e-04 2.110151667674697862e-03 1.784207277645103850e-03 9.999967590275501417e-01 1.831861505792265442e-03 -2.478677440430621104e-02 3.449169504121011405e-04 -1.832480170049393233e-03 9.999982972858667551e-01 1.263349832183536137e+00
9.999905346808076745e-01 -4.352715720796754804e-03 8.448294568687137710e-05 5.051790639938102956e-03 4.352871703143587102e-03 9.999885493881741638e-01 -1.986780194955959419e-03 -2.620107969966545269e-02 -7.583127826522202133e-05 1.987128888480411536e-03 9.999980305594926566e-01 1.263172079696488481e+00
9.999964677823858228e-01 -2.638852682837861466e-03 -2.810175671328680961e-05 5.720459649148246228e-03 2.638801700674082637e-03 9.999950469393886765e-01 -1.712391265478355401e-03 -2.575207881473851046e-02 3.261363695682728986e-05 1.712310352963838586e-03 9.999985219421910765e-01 1.266793966174844854e+00
9.999987059900596886e-01 -1.586556773441381721e-03 1.776828550554297238e-04 3.876653175212130265e-03 1.586563359227882719e-03 9.999987396581412336e-01 -3.728623441323203867e-05 -2.489848598874377927e-02 -1.776166988614165062e-04 3.756851851710868841e-05 9.999999479941492631e-01 1.267255234233061856e+00
9.999999859570357641e-01 -5.242864123958553268e-05 2.688153444754643145e-04 -4.422037157647551453e-05 5.231663944486501057e-05 9.999999293410449797e-01 4.172937266087284303e-04 -2.579890539732465626e-02 -2.688315071387845003e-04 -4.172783619802708835e-04 9.999998591199006359e-01 1.273805498029361161e+00
9.999997418947846883e-01 3.474812978052298196e-04 6.933618894021428402e-04 -7.499011690366153005e-04 -3.487142129340033516e-04 9.999983068432070077e-01 1.779890536553828178e-03 -2.505779800077334585e-02 -6.927454080772852156e-04 -1.780132484879623674e-03 9.999982064127698189e-01 1.275408090419347218e+00
9.999963764648329700e-01 2.597189338459909586e-03 6.984528513991138761e-04 -4.216382351037939458e-03 -2.598415509069612606e-03 9.999951090825787148e-01 1.758406263288049901e-03 -2.651602309414569092e-02 -6.938904118416166491e-04 -1.760214541377177859e-03 9.999981996570195264e-01 1.274202459488492423e+00
9.999997715830960532e-01 7.894061788772020966e-05 5.818304437589140324e-04 -1.837390775055736114e-03 -7.847645625340124236e-05 9.999996875128851492e-01 -7.991597437067544073e-04 -2.812328917521789151e-02 -5.818894959478428369e-04 7.991136800442919874e-04 9.999995559006210621e-01 1.272715358997913881e+00
9.999999076960672806e-01 3.258815854519320297e-04 4.297884198224206009e-04 -2.065527817373791208e-03 -3.247589083719722288e-04 9.999965422456223996e-01 -2.607530385916428418e-03 -2.751634639107791713e-02 -4.306373188132084080e-04 2.607390246018624971e-03 9.999965043460914416e-01 1.271025838065753533e+00
9.999998681296652370e-01 1.755029529954852481e-04 4.358017751191962962e-04 -2.741779873246086296e-03 -1.746025116283836951e-04 9.999978655243755288e-01 -2.068358756584493148e-03 -2.784727902886841022e-02 -4.361576176478607048e-04 2.068281810705679610e-03 9.999977109147818455e-01 1.269870241049432025e+00
9.999991694048520063e-01 -1.245246067610096324e-03 2.732882065009962645e-04 -5.101163652547757721e-04 1.246364753858921924e-03 9.999906638897788635e-01 -4.124751487157825650e-03 -2.974147071243171681e-02 -2.681530047678511316e-04 4.125087764024327683e-03 9.999915185423633446e-01 1.267071719325372214e+00
9.999998746810889738e-01 1.180260851768980576e-04 5.265719815766114250e-04 -2.374545929380911247e-03 -1.161892005281400000e-04 9.999939218666877849e-01 -3.488333329818250981e-03 -2.617400381734036330e-02 -5.269850681267304908e-04 3.488270332341928195e-03 9.999937770567889350e-01 1.265999554823906692e+00
9.999999350073509596e-01 -2.356055809006655469e-04 1.772509110484942396e-04 -2.215744029381516711e-03 2.358038867404349374e-04 9.999993367586668125e-01 -1.123113217940148586e-03 -2.658016663652862377e-02 -1.769860968485901988e-04 1.123155561256227505e-03 9.999992966475660383e-01 1.265588319752851021e+00
1.000000038753726006e+00 -1.769579449374940761e-04 -9.370443603583460503e-05 -1.239470875856740761e-03 1.769945201891182953e-04 9.999999036924867024e-01 3.853750686383792439e-04 -2.834580834180222553e-02 9.363012734106027307e-05 -3.853923717344089604e-04 9.999999224427233990e-01 1.264017978588668711e+00
9.999997643393564450e-01 6.428963657660245702e-04 3.192980253895848485e-05 -3.871446555903212960e-03 -6.429070174292226322e-04 9.999997801846728374e-01 3.497312826824088288e-04 -2.609466267966675801e-02 -3.169770912807125056e-05 -3.497509989572688107e-04 9.999999826010828041e-01 1.268825842064842391e+00
9.999996098432136771e-01 8.021353863762258713e-04 -2.527362484703475826e-04 -3.606103044461850260e-03 -8.018265725776381383e-04 9.999988649036193333e-01 1.219023161002139206e-03 -2.579344847141662456e-02 2.537128091731220207e-04 -1.218819566579151109e-03 9.999992008715897773e-01 1.263710383570753493e+00
9.999998550367021899e-01 4.649477850284866663e-04 -2.571602406366977809e-04 -5.301317100553148975e-03 -4.648032895974967688e-04 9.999997658655427335e-01 5.679403827961412073e-04 -2.485921878854036038e-02 2.574260558772144204e-04 -5.678210374499958329e-04 9.999998405008901914e-01 1.265195223494600896e+00
9.999998585689611197e-01 2.708345248232179410e-04 -5.395324961156809911e-04 -3.439245955533021259e-03 -2.709702823655904254e-04 9.999998865626834599e-01 -2.528350563882839899e-04 -2.512912605814587863e-02 5.394596033685267449e-04 2.529811963027117118e-04 9.999997630923228575e-01 1.263764302584661436e+00
9.999997648080065638e-01 3.187511247631127486e-04 -6.404157561277738645e-04 -3.933646158630788037e-03 -3.186412378398485517e-04 9.999999493275699702e-01 1.736963444619107487e-04 -2.438307708534859231e-02 6.404799125373144891e-04 -1.734920124499910962e-04 9.999998088674572072e-01 1.261085084007987689e+00
