9.999966999999496675e-01 -2.220141008981678810e-03 -1.303943023292042022e-03 5.542523964699181370e-03 2.223602990645810479e-03 9.999940000006570795e-01 2.659560760775821295e-03 -3.047694036583788527e-02 1.298030106003019227e-03 -2.662451505429056821e-03 9.999956999989640938e-01 1.528975152904677781e+00 9.999985333902533524e-01 -7.879793766833547135e-04 -1.519931762151164201e-03 2.033282056838511299e-03 7.893164879838834207e-04 9.999992940705434430e-01 8.793682186075774078e-04 -3.370913123369183306e-02 1.519239104828259707e-03 -8.805669331267766383e-04 9.999984141848407004e-01 1.523348314561313588e+00
9.999985333902533524e-01 -7.879793766833547135e-04 -1.519931762151164201e-03 2.033282056838511299e-03 7.893164879838834207e-04 9.999992940705434430e-01 8.793682186075774078e-04 -3.370913123369183306e-02 1.519239104828259707e-03 -8.805669331267766383e-04 9.999984141848407004e-01 1.523348314561313588e+00 9.999986556069112575e-01 8.795489548219277568e-04 -1.381190860245225553e-03 1.779596447044888563e-03 -8.800894815142324811e-04 9.999995578958950082e-01 -3.915227088215464304e-04 -3.361021344205401828e-02 1.380844939457561218e-03 3.927384082170762509e-04 9.999990006914047935e-01 1.513797466494155142e+00
9.999986556069112575e-01 8.795489548219277568e-04 -1.381190860245225553e-03 1.779596447044888563e-03 -8.800894815142324811e-04 9.999995578958950082e-01 -3.915227088215464304e-04 -3.361021344205401828e-02 1.380844939457561218e-03 3.927384082170762509e-04 9.999990006914047935e-01 1.513797466494155142e+00 9.999988629921775507e-01 6.037869908244944276e-04 -1.437984832670315518e-03 -3.610139780036217966e-03 -6.037150663668791172e-04 9.999997660116503040e-01 5.156262723192941890e-05 -2.707591066145624559e-02 1.438015627144465002e-03 -5.069480134826230300e-05 9.999989005957156118e-01 1.513048782178957552e+00
9.999988629921775507e-01 6.037869908244944276e-04 -1.437984832670315518e-03 -3.610139780036217966e-03 -6.037150663668791172e-04 9.999997660116503040e-01 5.156262723192941890e-05 -2.707591066145624559e-02 1.438015627144465002e-03 -5.069480134826230300e-05 9.999989005957156118e-01 1.513048782178957552e+00 9.999990930152021784e-01 -1.038606597097101305e-04 -1.281751745643365656e-03 -3.153792244495808028e-03 1.044445615480971981e-04 9.999999124758057745e-01 4.553609594210890473e-04 -2.561230683703261124e-02 1.281704065719163448e-03 -4.554942207927229988e-04 9.999990835552469148e-01 1.535854308692595538e+00
9.999990930152021784e-01 -1.038606597097101305e-04 -1.281751745643365656e-03 -3.153792244495808028e-03 1.044445615480971981e-04 9.999999124758057745e-01 4.553609594210890473e-04 -2.561230683703261124e-02 1.281704065719163448e-03 -4.554942207927229988e-04 9.999990835552469148e-01 1.535854308692595538e+00 9.999987979905067270e-01 -1.151190664062921474e-04 -1.589667720657225638e-03 -3.051053182196589164e-03 1.154068787375486002e-04 9.999999494348015272e-01 1.808766265398771978e-04 -2.692159799261029107e-02 1.589646707676072154e-03 -1.810590807266085193e-04 9.999987617466926659e-01 1.483787320610397309e+00
9.999987979905067270e-01 -1.151190664062921474e-04 -1.589667720657225638e-03 -3.051053182196589164e-03 1.154068787375486002e-04 9.999999494348015272e-01 1.808766265398771978e-04 -2.692159799261029107e-02 1.589646707676072154e-03 -1.810590807266085193e-04 9.999987617466926659e-01 1.483787320610397309e+00 9.999968192971209202e-01 -1.789143365370692886e-03 -1.772688166817274532e-03 -3.651352326364959433e-04 1.787649196690612461e-03 9.999980558663329466e-01 -8.447973611401933753e-04 -2.714083759858165745e-02 1.774196878876650296e-03 8.416249601231688129e-04 9.999980448957859203e-01 1.500186432822580684e+00
9.999968192971209202e-01 -1.789143365370692886e-03 -1.772688166817274532e-03 -3.651352326364959433e-04 1.787649196690612461e-03 9.999980558663329466e-01 -8.447973611401933753e-04 -2.714083759858165745e-02 1.774196878876650296e-03 8.416249601231688129e-04 9.999980448957859203e-01 1.500186432822580684e+00 9.999983647322079339e-01 -1.180241475878791727e-03 -1.350564563357895551e-03 -1.818300794815416732e-03 1.180641720298113108e-03 9.999992924763574376e-01 2.954919904756390004e-04 -1.910069627117555457e-02 1.350216303672527231e-03 -2.970851465086917268e-04 9.999990683439118344e-01 1.494937030572312864e+00
9.999983647322079339e-01 -1.180241475878791727e-03 -1.350564563357895551e-03 -1.818300794815416732e-03 1.180641720298113108e-03 9.999992924763574376e-01 2.954919904756390004e-04 -1.910069627117555457e-02 1.350216303672527231e-03 -2.970851465086917268e-04 9.999990683439118344e-01 1.494937030572312864e+00 9.999991672040284829e-01 -3.813444671845467180e-05 -1.270480585327544727e-03 -2.734887479712844183e-03 3.828245165286006050e-05 9.999999616640798950e-01 1.165651491346205934e-04 -2.161343434951412679e-02 1.270469561817622137e-03 -1.166144032050271651e-04 9.999991538589487750e-01 1.493209234608563918e+00
9.999991672040284829e-01 -3.813444671845467180e-05 -1.270480585327544727e-03 -2.734887479712844183e-03 3.828245165286006050e-05 9.999999616640798950e-01 1.165651491346205934e-04 -2.161343434951412679e-02 1.270469561817622137e-03 -1.166144032050271651e-04 9.999991538589487750e-01 1.493209234608563918e+00 9.999991900395994726e-01 5.257228681293292256e-04 -1.168993615248959750e-03 -6.724870993971787669e-03 -5.261428311336864561e-04 9.999997681526490156e-01 -3.585877574593348931e-04 -2.410799421748566207e-02 1.168817403178880852e-03 3.592027745375888856e-04 9.999992407420718044e-01 1.488706545701894868e+00
9.999991900395994726e-01 5.257228681293292256e-04 -1.168993615248959750e-03 -6.724870993971787669e-03 -5.261428311336864561e-04 9.999997681526490156e-01 -3.585877574593348931e-04 -2.410799421748566207e-02 1.168817403178880852e-03 3.592027745375888856e-04 9.999992407420718044e-01 1.488706545701894868e+00 9.999986561879601332e-01 1.596657161491385393e-03 -4.754391292330942503e-04 -9.790264514073721003e-03 -1.596353775604631309e-03 9.999985957478789711e-01 6.374973658819513625e-04 -2.876202622890938754e-02 4.764493784746393155e-04 -6.367378212333172022e-04 9.999997429449997144e-01 1.484653383827069462e+00
9.999986561879601332e-01 1.596657161491385393e-03 -4.754391292330942503e-04 -9.790264514073721003e-03 -1.596353775604631309e-03 9.999985957478789711e-01 6.374973658819513625e-04 -2.876202622890938754e-02 4.764493784746393155e-04 -6.367378212333172022e-04 9.999997429449997144e-01 1.484653383827069462e+00 9.999986673691078076e-01 1.559819465301395553e-03 -4.426143826970813013e-04 -1.290584577365114227e-02 -1.559500524309977501e-03 9.999984480114475494e-01 7.204375567770120690e-04 -2.844636576145609386e-02 4.437356516307433487e-04 -7.197468639880223512e-04 9.999995913281261029e-01 1.482659898430156886e+00
9.999986673691078076e-01 1.559819465301395553e-03 -4.426143826970813013e-04 -1.290584577365114227e-02 -1.559500524309977501e-03 9.999984480114475494e-01 7.204375567770120690e-04 -2.844636576145609386e-02 4.437356516307433487e-04 -7.197468639880223512e-04 9.999995913281261029e-01 1.482659898430156886e+00 9.999993355646629167e-01 1.016576939577408870e-03 -5.729123104850229655e-04 -1.101703463032581432e-02 -1.016110059844563740e-03 9.999992191687211429e-01 8.155961822430375305e-04 -2.987768088120551502e-02 5.737394464371791932e-04 -8.150132502298280263e-04 9.999995629413056530e-01 1.473834288365353018e+00
9.999993355646629167e-01 1.016576939577408870e-03 -5.729123104850229655e-04 -1.101703463032581432e-02 -1.016110059844563740e-03 9.999992191687211429e-01 8.155961822430375305e-04 -2.987768088120551502e-02 5.737394464371791932e-04 -8.150132502298280263e-04 9.999995629413056530e-01 1.473834288365353018e+00 9.999998910872525126e-01 -2.231189658627042278e-06 -4.360700534643667135e-04 -9.893279529706561215e-03 2.320768952029057365e-06 9.999999652068367606e-01 2.056463632973101524e-04 -2.513296931436970194e-02 4.360724558716981602e-04 -2.056461347474408284e-04 9.999998560198253283e-01 1.473482364118670063e+00
9.999998910872525126e-01 -2.231189658627042278e-06 -4.360700534643667135e-04 -9.893279529706561215e-03 2.320768952029057365e-06 9.999999652068367606e-01 2.056463632973101524e-04 -2.513296931436970194e-02 4.360724558716981602e-04 -2.056461347474408284e-04 9.999998560198253283e-01 1.473482364118670063e+00 9.999997090516924425e-01 4.633722725528787931e-04 -5.009139894796116018e-04 -5.781560637432625605e-03 -4.633217920383719455e-04 9.999998914139894834e-01 1.009461785476466439e-04 -2.260813663882216273e-02 5.009610050664786663e-04 -1.007140185009046233e-04 9.999998626706144700e-01 1.462139451263251289e+00
9.999997090516924425e-01 4.633722725528787931e-04 -5.009139894796116018e-04 -5.781560637432625605e-03 -4.633217920383719455e-04 9.999998914139894834e-01 1.009461785476466439e-04 -2.260813663882216273e-02 5.009610050664786663e-04 -1.007140185009046233e-04 9.999998626706144700e-01 1.462139451263251289e+00 9.999998194359210890e-01 6.686487268747105805e-04 -3.743097536757325380e-05 -5.855901568293159221e-03 -6.686269837214947435e-04 9.999995868254137887e-01 5.747072762330003798e-04 -2.145822482296455558e-02 3.781556098267798403e-05 -5.746831589061157913e-04 9.999998666455147678e-01 1.457269763470662838e+00
9.999998194359210890e-01 6.686487268747105805e-04 -3.743097536757325380e-05 -5.855901568293159221e-03 -6.686269837214947435e-04 9.999995868254137887e-01 5.747072762330003798e-04 -2.145822482296455558e-02 3.781556098267798403e-05 -5.746831589061157913e-04 9.999998666455147678e-01 1.457269763470662838e+00 9.999995423822155560e-01 9.116664674276576648e-04 2.993930170735106398e-05 -6.830912580169531956e-03 -9.117005944765457781e-04 9.999988789511832232e-01 1.146820229857263432e-03 -2.393180863490218524e-02 -2.889555489490263390e-05 -1.146846341113857406e-03 9.999993335635980474e-01 1.452474046300554988e+00
9.999995423822155560e-01 9.116664674276576648e-04 2.993930170735106398e-05 -6.830912580169531956e-03 -9.117005944765457781e-04 9.999988789511832232e-01 1.146820229857263432e-03 -2.393180863490218524e-02 -2.889555489490263390e-05 -1.146846341113857406e-03 9.999993335635980474e-01 1.452474046300554988e+00 9.999999378449584420e-01 3.410026659533322733e-04 6.396635013081678606e-05 -5.859037667813093986e-03 -3.409496407023854649e-04 9.999996039169450901e-01 -8.262887510971641744e-04 -2.397552232018496099e-02 -6.424528733983858760e-05 8.262664610905332474e-04 9.999996149791805511e-01 1.441178905250065867e+00
9.999999378449584420e-01 3.410026659533322733e-04 6.396635013081678606e-05 -5.859037667813093986e-03 -3.409496407023854649e-04 9.999996039169450901e-01 -8.262887510971641744e-04 -2.397552232018496099e-02 -6.424528733983858760e-05 8.262664610905332474e-04 9.999996149791805511e-01 1.441178905250065867e+00 9.999999505206538242e-01 4.354854001818231671e-04 7.690055737983308309e-05 -6.113558388040687963e-03 -4.352801345831689025e-04 9.999963896204923097e-01 -2.648832051296659464e-03 -2.935893481390772219e-02 -7.805187483231935421e-05 2.648797981465633201e-03 9.999965342339814933e-01 1.433217783460150940e+00
9.999999505206538242e-01 4.354854001818231671e-04 7.690055737983308309e-05 -6.113558388040687963e-03 -4.352801345831689025e-04 9.999963896204923097e-01 -2.648832051296659464e-03 -2.935893481390772219e-02 -7.805187483231935421e-05 2.648797981465633201e-03 9.999965342339814933e-01 1.433217783460150940e+00 9.999986603425693454e-01 -1.597915508249705225e-03 2.939830462337304339e-04 -4.090081256926017539e-03 1.597935010488332188e-03 9.999987233034430822e-01 -6.627427555903377121e-05 -2.769895230107582984e-02 -2.938789387030037495e-04 6.674374623392900080e-05 9.999999363412745979e-01 1.425676246346764486e+00
9.999986603425693454e-01 -1.597915508249705225e-03 2.939830462337304339e-04 -4.090081256926017539e-03 1.597935010488332188e-03 9.999987233034430822e-01 -6.627427555903377121e-05 -2.769895230107582984e-02 -2.938789387030037495e-04 6.674374623392900080e-05 9.999999363412745979e-01 1.425676246346764486e+00 9.999995103541647890e-01 -1.004549503871519141e-03 2.654072414660540763e-04 -4.211623902416708476e-03 1.003814644325536727e-03 9.999957823575836846e-01 2.756377398882920143e-03 -2.752781111151647586e-02 -2.681789022836350068e-04 -2.756109041443445973e-03 9.999961774478783871e-01 1.421601039946164491e+00
9.999995103541647890e-01 -1.004549503871519141e-03 2.654072414660540763e-04 -4.211623902416708476e-03 1.003814644325536727e-03 9.999957823575836846e-01 2.756377398882920143e-03 -2.752781111151647586e-02 -2.681789022836350068e-04 -2.756109041443445973e-03 9.999961774478783871e-01 1.421601039946164491e+00 9.999985181580103299e-01 -1.696811736610765332e-03 1.695340303890179284e-04 -2.724677286507791452e-03 1.696538534802044052e-03 9.999972882773785487e-01 1.600338811073413270e-03 -2.796810213316547333e-02 -1.722437569130616985e-04 -1.600048260830624859e-03 9.999986880218352248e-01 1.411399399555442358e+00
9.999985181580103299e-01 -1.696811736610765332e-03 1.695340303890179284e-04 -2.724677286507791452e-03 1.696538534802044052e-03 9.999972882773785487e-01 1.600338811073413270e-03 -2.796810213316547333e-02 -1.722437569130616985e-04 -1.600048260830624859e-03 9.999986880218352248e-01 1.411399399555442358e+00 9.999994929282557399e-01 -9.749246941374908187e-04 2.455853045991657018e-04 -4.059287819516074758e-03 9.751160043153175730e-04 9.999991866782370620e-01 -7.802891950125486267e-04 -2.502270091555058862e-02 -2.448257556164421932e-04 7.805286234456744856e-04 9.999996824192588507e-01 1.394597933977053117e+00
9.999994929282557399e-01 -9.749246941374908187e-04 2.455853045991657018e-04 -4.059287819516074758e-03 9.751160043153175730e-04 9.999991866782370620e-01 -7.802891950125486267e-04 -2.502270091555058862e-02 -2.448257556164421932e-04 7.805286234456744856e-04 9.999996824192588507e-01 1.394597933977053117e+00 9.999999113601030221e-01 1.229634440148271520e-04 4.080784910076445146e-04 -8.049849619545419721e-03 -1.222681116830090617e-04 9.999985610242593248e-01 -1.702130476244381871e-03 -2.670990364606506962e-02 -4.082878107691743615e-04 1.702080251127956884e-03 9.999984309665742588e-01 1.384230002619148081e+00
9.999999113601030221e-01 1.229634440148271520e-04 4.080784910076445146e-04 -8.049849619545419721e-03 -1.222681116830090617e-04 9.999985610242593248e-01 -1.702130476244381871e-03 -2.670990364606506962e-02 -4.082878107691743615e-04 1.702080251127956884e-03 9.999984309665742588e-01 1.384230002619148081e+00 9.999994876704740854e-01 8.104736651392332189e-04 6.332866981584107978e-04 -1.140262323953572174e-02 -8.097462004628906132e-04 9.999989620819292879e-01 -1.149457904437746480e-03 -2.574446316006173685e-02 -6.342280887415317281e-04 1.148943303451275535e-03 9.999991053924806028e-01 1.367942080852024844e+00
9.999994876704740854e-01 8.104736651392332189e-04 6.332866981584107978e-04 -1.140262323953572174e-02 -8.097462004628906132e-04 9.999989620819292879e-01 -1.149457904437746480e-03 -2.574446316006173685e-02 -6.342280887415317281e-04 1.148943303451275535e-03 9.999991053924806028e-01 1.367942080852024844e+00 9.999992775509836118e-01 6.991816805670713394e-04 9.005729400997651611e-04 -8.864574797521285188e-03 -6.987116180074251547e-04 9.999996767479142346e-01 -5.219756126335448488e-04 -2.693342009414689819e-02 -9.009257337583945506e-04 5.213468649403356142e-04 9.999994734022572551e-01 1.356421303480182416e+00
9.999992775509836118e-01 6.991816805670713394e-04 9.005729400997651611e-04 -8.864574797521285188e-03 -6.987116180074251547e-04 9.999996767479142346e-01 -5.219756126335448488e-04 -2.693342009414689819e-02 -9.009257337583945506e-04 5.213468649403356142e-04 9.999994734022572551e-01 1.356421303480182416e+00 9.999992389709598806e-01 5.429885714822993079e-04 1.144194003501599471e-03 -9.915166209242334827e-03 -5.437696395039107004e-04 9.999995450900323046e-01 6.823604387680890469e-04 -2.613646760563026472e-02 -1.143823536975575525e-03 -6.829826095418542204e-04 9.999991588865575487e-01 1.334362778720560527e+00
9.999992389709598806e-01 5.429885714822993079e-04 1.144194003501599471e-03 -9.915166209242334827e-03 -5.437696395039107004e-04 9.999995450900323046e-01 6.823604387680890469e-04 -2.613646760563026472e-02 -1.143823536975575525e-03 -6.829826095418542204e-04 9.999991588865575487e-01 1.334362778720560527e+00 9.999985384831611146e-01 6.205793868702125238e-04 1.606880485420306148e-03 -7.862861834454615284e-03 -6.242406694989668719e-04 9.999972541559998263e-01 2.278927240663714687e-03 -2.643453578616039579e-02 -1.605466193261205488e-03 -2.279926119013337207e-03 9.999961088301527745e-01 1.323910399656440973e+00
9.999985384831611146e-01 6.205793868702125238e-04 1.606880485420306148e-03 -7.862861834454615284e-03 -6.242406694989668719e-04 9.999972541559998263e-01 2.278927240663714687e-03 -2.643453578616039579e-02 -1.605466193261205488e-03 -2.279926119013337207e-03 9.999961088301527745e-01 1.323910399656440973e+00 9.999984274228888026e-01 -6.177740832215535341e-04 1.658944365041704200e-03 -6.856071864443286090e-03 6.158551057622871708e-04 9.999991393928343575e-01 1.157092143685859408e-03 -2.759119473656379551e-02 -1.659655261066505984e-03 -1.156068616914984271e-03 9.999979413472024348e-01 1.303170102058913926e+00
9.999984274228888026e-01 -6.177740832215535341e-04 1.658944365041704200e-03 -6.856071864443286090e-03 6.158551057622871708e-04 9.999991393928343575e-01 1.157092143685859408e-03 -2.759119473656379551e-02 -1.659655261066505984e-03 -1.156068616914984271e-03 9.999979413472024348e-01 1.303170102058913926e+00 9.999973277444300646e-01 3.345846332250888128e-04 2.286431253696124665e-03 -5.621477278536735067e-03 -3.356987041324467906e-04 9.999997813837340210e-01 4.868396718856931650e-04 -2.769828193024326257e-02 -2.286267900012409031e-03 -4.876070549807609740e-04 9.999973143782618923e-01 1.282282909968401441e+00
9.999973277444300646e-01 3.345846332250888128e-04 2.286431253696124665e-03 -5.621477278536735067e-03 -3.356987041324467906e-04 9.999997813837340210e-01 4.868396718856931650e-04 -2.769828193024326257e-02 -2.286267900012409031e-03 -4.876070549807609740e-04 9.999973143782618923e-01 1.282282909968401441e+00 9.999942554887789603e-01 -1.200685991547188263e-05 3.394235650771257416e-03 -4.813576714787382027e-03 1.244011294158631785e-05 1.000000017488507087e+00 -1.276236624983921315e-04 -2.730722524144701957e-02 -3.394234281255305817e-03 1.276658201063102054e-04 9.999941729924863854e-01 1.263215305312897385e+00
9.999942554887789603e-01 -1.200685991547188263e-05 3.394235650771257416e-03 -4.813576714787382027e-03 1.244011294158631785e-05 1.000000017488507087e+00 -1.276236624983921315e-04 -2.730722524144701957e-02 -3.394234281255305817e-03 1.276658201063102054e-04 9.999941729924863854e-01 1.263215305312897385e+00 9.999928505013020441e-01 -8.323054830542977144e-04 3.687378489906887030e-03 -2.868739352133720111e-03 8.402772468251210568e-04 9.999973076643187131e-01 -2.160832124059521887e-03 -2.756958572668688490e-02 -3.685570489622148806e-03 2.163914674975598706e-03 9.999908450765445656e-01 1.241069824729926552e+00
9.999928505013020441e-01 -8.323054830542977144e-04 3.687378489906887030e-03 -2.868739352133720111e-03 8.402772468251210568e-04 9.999973076643187131e-01 -2.160832124059521887e-03 -2.756958572668688490e-02 -3.685570489622148806e-03 2.163914674975598706e-03 9.999908450765445656e-01 1.241069824729926552e+00 9.999938725131526374e-01 -3.159543003820880903e-04 3.480310241349777317e-03 -2.785304555408485427e-03 3.216382244144876026e-04 9.999986342634530345e-01 -1.632748151381515451e-03 -2.527808243319951131e-02 -3.479789818318583094e-03 1.633857843073617273e-03 9.999926313289881907e-01 1.233216435125541466e+00
9.999938725131526374e-01 -3.159543003820880903e-04 3.480310241349777317e-03 -2.785304555408485427e-03 3.216382244144876026e-04 9.999986342634530345e-01 -1.632748151381515451e-03 -2.527808243319951131e-02 -3.479789818318583094e-03 1.633857843073617273e-03 9.999926313289881907e-01 1.233216435125541466e+00 9.999916670115793771e-01 4.250427410987506595e-04 4.058970256271382006e-03 -8.902433867079784235e-03 -4.274213159816104917e-04 9.999997157796352010e-01 5.851627579152288063e-04 -1.742803803455927891e-02 -4.058720671634523207e-03 -5.868929249037097094e-04 9.999916239532327111e-01 1.220168299868660711e+00
9.999916670115793771e-01 4.250427410987506595e-04 4.058970256271382006e-03 -8.902433867079784235e-03 -4.274213159816104917e-04 9.999997157796352010e-01 5.851627579152288063e-04 -1.742803803455927891e-02 -4.058720671634523207e-03 -5.868929249037097094e-04 9.999916239532327111e-01 1.220168299868660711e+00 9.999858604010933849e-01 4.155882383799512419e-04 5.296863929192196022e-03 -6.847083329165837284e-03 -4.158040279391220771e-04 9.999999507896537576e-01 3.963964333738872364e-05 -1.986761316294183288e-02 -5.296845205457006121e-03 -4.184144742179471735e-05 9.999859638020419661e-01 1.209567411677205939e+00
9.999858604010933849e-01 4.155882383799512419e-04 5.296863929192196022e-03 -6.847083329165837284e-03 -4.158040279391220771e-04 9.999999507896537576e-01 3.963964333738872364e-05 -1.986761316294183288e-02 -5.296845205457006121e-03 -4.184144742179471735e-05 9.999859638020419661e-01 1.209567411677205939e+00 9.999773271812402164e-01 1.433693072618184025e-03 6.587716266724932476e-03 -8.607260697468532840e-03 -1.426738948751791634e-03 9.999983663953045943e-01 -1.060222778980160745e-03 -1.802853316617125667e-02 -6.589221374947309452e-03 1.050800377900502946e-03 9.999776871953300894e-01 1.198033104848470032e+00
9.999773271812402164e-01 1.433693072618184025e-03 6.587716266724932476e-03 -8.607260697468532840e-03 -1.426738948751791634e-03 9.999983663953045943e-01 -1.060222778980160745e-03 -1.802853316617125667e-02 -6.589221374947309452e-03 1.050800377900502946e-03 9.999776871953300894e-01 1.198033104848470032e+00 9.999710946458947314e-01 1.537103829304331754e-03 7.438310856432788463e-03 -9.003651278552071702e-03 -1.535202807939853743e-03 9.999988147809849570e-01 -2.613713658999173954e-04 -1.698331567908950568e-02 -7.438707299965611509e-03 2.499429287397202343e-04 9.999723426501473389e-01 1.185733076630292260e+00
9.999710946458947314e-01 1.537103829304331754e-03 7.438310856432788463e-03 -9.003651278552071702e-03 -1.535202807939853743e-03 9.999988147809849570e-01 -2.613713658999173954e-04 -1.698331567908950568e-02 -7.438707299965611509e-03 2.499429287397202343e-04 9.999723426501473389e-01 1.185733076630292260e+00 9.999640784200737320e-01 1.039864963149803338e-03 8.412487269135369983e-03 -3.379898089808541783e-03 -1.051565585011753848e-03 9.999985348927702411e-01 1.386527788769582447e-03 -1.510091960944781597e-02 -8.411037686830701368e-03 -1.395323061329403107e-03 9.999636182112540128e-01 1.177822742956038837e+00
9.999640784200737320e-01 1.039864963149803338e-03 8.412487269135369983e-03 -3.379898089808541783e-03 -1.051565585011753848e-03 9.999985348927702411e-01 1.386527788769582447e-03 -1.510091960944781597e-02 -8.411037686830701368e-03 -1.395323061329403107e-03 9.999636182112540128e-01 1.177822742956038837e+00 9.999454010182097230e-01 2.246080434927472634e-03 1.021199629720420665e-02 -3.483553023665653114e-03 -2.251002494484571122e-03 9.999972766986104933e-01 4.706225941867315772e-04 -1.659124169147818684e-02 -1.021090978722334099e-02 -4.935845625011782683e-04 9.999477638708773597e-01 1.164701165049699227e+00
9.999454010182097230e-01 2.246080434927472634e-03 1.021199629720420665e-02 -3.483553023665653114e-03 -2.251002494484571122e-03 9.999972766986104933e-01 4.706225941867315772e-04 -1.659124169147818684e-02 -1.021090978722334099e-02 -4.935845625011782683e-04 9.999477638708773597e-01 1.164701165049699227e+00 9.999133635944463805e-01 2.305599767494179945e-03 1.295948327314099327e-02 -3.153953605384618442e-03 -2.308338837799434051e-03 9.999973227131322417e-01 1.963461294913886610e-04 -1.319255902324911744e-02 -1.295899868002305978e-02 -2.262443126564993886e-04 9.999160486467645326e-01 1.149141676338281570e+00
9.999133635944463805e-01 2.305599767494179945e-03 1.295948327314099327e-02 -3.153953605384618442e-03 -2.308338837799434051e-03 9.999973227131322417e-01 1.963461294913886610e-04 -1.319255902324911744e-02 -1.295899868002305978e-02 -2.262443126564993886e-04 9.999160486467645326e-01 1.149141676338281570e+00 9.998889922510051376e-01 2.100420667003237776e-03 1.475204938379302312e-02 2.299376949150833127e-04 -2.110157641383111210e-03 9.999975626680386309e-01 6.439136080041568677e-04 -1.583571414079254502e-02 -1.475066385960721767e-02 -6.749719589455170816e-04 9.998909591304508959e-01 1.132979628795396820e+00
9.998889922510051376e-01 2.100420667003237776e-03 1.475204938379302312e-02 2.299376949150833127e-04 -2.110157641383111210e-03 9.999975626680386309e-01 6.439136080041568677e-04 -1.583571414079254502e-02 -1.475066385960721767e-02 -6.749719589455170816e-04 9.998909591304508959e-01 1.132979628795396820e+00 9.998640544721740797e-01 2.443133946592177148e-03 1.630213459092774708e-02 3.536705182582977613e-05 -2.464025400253743239e-03 9.999961589687382801e-01 1.261574336504901316e-03 -1.488102672548552441e-02 -1.629898899590805431e-02 -1.301570097989267899e-03 9.998662632105013159e-01 1.121811294473147314e+00
9.998640544721740797e-01 2.443133946592177148e-03 1.630213459092774708e-02 3.536705182582977613e-05 -2.464025400253743239e-03 9.999961589687382801e-01 1.261574336504901316e-03 -1.488102672548552441e-02 -1.629898899590805431e-02 -1.301570097989267899e-03 9.998662632105013159e-01 1.121811294473147314e+00 9.998430353238718649e-01 3.840954691211064236e-04 1.771597714623191974e-02 7.008476091945325948e-03 -4.137521146369183174e-04 9.999985994610305351e-01 1.670764371597173101e-03 -1.643192028566820007e-02 -1.771533304223000399e-02 -1.677835628191867148e-03 9.998416948359030165e-01 1.114112210352992349e+00
9.998430353238718649e-01 3.840954691211064236e-04 1.771597714623191974e-02 7.008476091945325948e-03 -4.137521146369183174e-04 9.999985994610305351e-01 1.670764371597173101e-03 -1.643192028566820007e-02 -1.771533304223000399e-02 -1.677835628191867148e-03 9.998416948359030165e-01 1.114112210352992349e+00 9.998164469172902136e-01 -3.691071202466073508e-04 1.915559758424844466e-02 9.432034569520020284e-03 3.754913927494111050e-04 9.999998038049940918e-01 -3.295721604817187698e-04 -1.807031525808744377e-02 -1.915543703719894963e-02 3.367083510656802316e-04 9.998164816193022553e-01 1.098661425153977689e+00
9.998164469172902136e-01 -3.691071202466073508e-04 1.915559758424844466e-02 9.432034569520020284e-03 3.754913927494111050e-04 9.999998038049940918e-01 -3.295721604817187698e-04 -1.807031525808744377e-02 -1.915543703719894963e-02 3.367083510656802316e-04 9.998164816193022553e-01 1.098661425153977689e+00 9.997917236893321125e-01 -1.015842173748075263e-03 2.038322694878056882e-02 1.004425850123524810e-02 1.037664606812416712e-03 9.999989156200960183e-01 -1.060334077877652693e-03 -1.598942761964772252e-02 -2.038211966599035030e-02 1.081262994582555138e-03 9.997916988613871903e-01 1.085604208297567652e+00
9.997917236893321125e-01 -1.015842173748075263e-03 2.038322694878056882e-02 1.004425850123524810e-02 1.037664606812416712e-03 9.999989156200960183e-01 -1.060334077877652693e-03 -1.598942761964772252e-02 -2.038211966599035030e-02 1.081262994582555138e-03 9.997916988613871903e-01 1.085604208297567652e+00 9.997753056080659340e-01 -2.662346086672153726e-03 2.102742085373096939e-02 1.452597279575940092e-02 2.671296012322030202e-03 9.999963544851059316e-01 -3.971381913470289383e-04 -1.643362095601119677e-02 -2.102634849400367503e-02 4.532203288599177598e-04 9.997787458851388198e-01 1.074667803151847068e+00
9.997753056080659340e-01 -2.662346086672153726e-03 2.102742085373096939e-02 1.452597279575940092e-02 2.671296012322030202e-03 9.999963544851059316e-01 -3.971381913470289383e-04 -1.643362095601119677e-02 -2.102634849400367503e-02 4.532203288599177598e-04 9.997787458851388198e-01 1.074667803151847068e+00 9.997451390741879385e-01 -5.005586163947354193e-03 2.201624813500203254e-02 2.404919211813805191e-02 4.954237644895002207e-03 9.999848916804467969e-01 2.386021001305011977e-03 -1.671676767903118588e-02 -2.202785921627985893e-02 -2.276340180077727430e-03 9.997548476140508678e-01 1.063427128126271271e+00
9.997451390741879385e-01 -5.005586163947354193e-03 2.201624813500203254e-02 2.404919211813805191e-02 4.954237644895002207e-03 9.999848916804467969e-01 2.386021001305011977e-03 -1.671676767903118588e-02 -2.202785921627985893e-02 -2.276340180077727430e-03 9.997548476140508678e-01 1.063427128126271271e+00 9.997153847310346064e-01 -5.235901395866004310e-03 2.327330114653501300e-02 2.766915351627119435e-02 5.189989685660107571e-03 9.999845206879943715e-01 2.032675842081979080e-03 -1.721931115617736374e-02 -2.328350472226654172e-02 -1.911305510369519945e-03 9.997270699654193793e-01 1.051849217338954645e+00
9.997153847310346064e-01 -5.235901395866004310e-03 2.327330114653501300e-02 2.766915351627119435e-02 5.189989685660107571e-03 9.999845206879943715e-01 2.032675842081979080e-03 -1.721931115617736374e-02 -2.328350472226654172e-02 -1.911305510369519945e-03 9.997270699654193793e-01 1.051849217338954645e+00 9.996925622930039612e-01 -5.410268550049220776e-03 2.419947165213472834e-02 3.439902706919717446e-02 5.421909119278841942e-03 9.999851262550085718e-01 -4.153657744705203806e-04 -1.415230982572168728e-02 -2.419685210355847216e-02 5.464415632634424475e-04 9.997070090398235687e-01 1.039090766318444992e+00
9.996925622930039612e-01 -5.410268550049220776e-03 2.419947165213472834e-02 3.439902706919717446e-02 5.421909119278841942e-03 9.999851262550085718e-01 -4.153657744705203806e-04 -1.415230982572168728e-02 -2.419685210355847216e-02 5.464415632634424475e-04 9.997070090398235687e-01 1.039090766318444992e+00 9.996477227114187736e-01 -7.164482859213322681e-03 2.555217366853662977e-02 3.608077002202314532e-02 7.219881534709863234e-03 9.999718498139873457e-01 -2.076535957656978036e-03 -1.319062366708645406e-02 -2.553659392577929677e-02 2.260288161313807852e-03 9.996714012197781551e-01 1.022998563449199594e+00
9.996477227114187736e-01 -7.164482859213322681e-03 2.555217366853662977e-02 3.608077002202314532e-02 7.219881534709863234e-03 9.999718498139873457e-01 -2.076535957656978036e-03 -1.319062366708645406e-02 -2.553659392577929677e-02 2.260288161313807852e-03 9.996714012197781551e-01 1.022998563449199594e+00 9.996312380086916916e-01 -4.174515669467216208e-03 2.683412547054399994e-02 3.934692415298002288e-02 4.178834825816682592e-03 9.999911909951064715e-01 -1.048679332528928499e-04 -7.686265489458499189e-03 -2.683350134908009388e-02 2.169662855101646057e-04 9.996398307036974407e-01 1.014221046061962284e+00
9.996312380086916916e-01 -4.174515669467216208e-03 2.683412547054399994e-02 3.934692415298002288e-02 4.178834825816682592e-03 9.999911909951064715e-01 -1.048679332528928499e-04 -7.686265489458499189e-03 -2.683350134908009388e-02 2.169662855101646057e-04 9.996398307036974407e-01 1.014221046061962284e+00 9.995976322487880594e-01 -2.289211791759099019e-03 2.827139426195812016e-02 3.295142273913143072e-02 2.231260321930415586e-03 9.999953653609118254e-01 2.081356744209681645e-03 -1.366847133859061536e-02 -2.827605215630204713e-02 -2.017439636513679215e-03 9.995980908473097726e-01 1.003693646575825937e+00
9.995976322487880594e-01 -2.289211791759099019e-03 2.827139426195812016e-02 3.295142273913143072e-02 2.231260321930415586e-03 9.999953653609118254e-01 2.081356744209681645e-03 -1.366847133859061536e-02 -2.827605215630204713e-02 -2.017439636513679215e-03 9.995980908473097726e-01 1.003693646575825937e+00 9.995690408385232706e-01 -3.598535510520266614e-03 2.913569783952234260e-02 4.082382370076587108e-02 3.519280875203614073e-03 9.999899779232793717e-01 2.770983520175665862e-03 -1.299723952822118278e-02 -2.914536532583929251e-02 -2.667249925125064671e-03 9.995716859323382497e-01 9.982617825978366000e-01
9.995690408385232706e-01 -3.598535510520266614e-03 2.913569783952234260e-02 4.082382370076587108e-02 3.519280875203614073e-03 9.999899779232793717e-01 2.770983520175665862e-03 -1.299723952822118278e-02 -2.914536532583929251e-02 -2.667249925125064671e-03 9.995716859323382497e-01 9.982617825978366000e-01 9.995374195578110577e-01 -4.291928127025778326e-03 3.010907965785224183e-02 4.148959598411394722e-02 4.319959791111451473e-03 9.999902762784019794e-01 -8.657967546933446586e-04 -1.602121490833230411e-02 -3.010500200112106728e-02 9.954653048149563269e-04 9.995462184720231846e-01 9.837755734133537544e-01
9.995374195578110577e-01 -4.291928127025778326e-03 3.010907965785224183e-02 4.148959598411394722e-02 4.319959791111451473e-03 9.999902762784019794e-01 -8.657967546933446586e-04 -1.602121490833230411e-02 -3.010500200112106728e-02 9.954653048149563269e-04 9.995462184720231846e-01 9.837755734133537544e-01 9.995147165382856080e-01 -1.031086805982221787e-03 3.113181938809078328e-02 3.699815660247196547e-02 1.166954655364549082e-03 9.999898812051782881e-01 -4.346564130161737968e-03 -1.489788020735516305e-02 -3.112709385654156835e-02 4.380778267948873261e-03 9.995058822945498411e-01 9.677556391341681774e-01
9.995147165382856080e-01 -1.031086805982221787e-03 3.113181938809078328e-02 3.699815660247196547e-02 1.166954655364549082e-03 9.999898812051782881e-01 -4.346564130161737968e-03 -1.489788020735516305e-02 -3.112709385654156835e-02 4.380778267948873261e-03 9.995058822945498411e-01 9.677556391341681774e-01 9.994978139672536788e-01 -4.131644710676891756e-03 3.141857252775419329e-02 3.875518196167249130e-02 4.328937658554601192e-03 9.999713749930875251e-01 -6.213870006634748117e-03 -1.337536390552163112e-02 -3.139196425705163135e-02 6.346759978516656152e-03 9.994869446781584621e-01 9.588177147298324599e-01
9.994978139672536788e-01 -4.131644710676891756e-03 3.141857252775419329e-02 3.875518196167249130e-02 4.328937658554601192e-03 9.999713749930875251e-01 -6.213870006634748117e-03 -1.337536390552163112e-02 -3.139196425705163135e-02 6.346759978516656152e-03 9.994869446781584621e-01 9.588177147298324599e-01 9.994889945238593087e-01 -4.129656439936109022e-03 3.169465693613882779e-02 3.973999334082733981e-02 4.252176565052993851e-03 9.999837021177475638e-01 -3.799175372136473234e-03 -1.068680681094047458e-02 -3.167847941488411562e-02 3.932004323622041719e-03 9.994903637604461988e-01 9.555667325402197321e-01
9.994889945238593087e-01 -4.129656439936109022e-03 3.169465693613882779e-02 3.973999334082733981e-02 4.252176565052993851e-03 9.999837021177475638e-01 -3.799175372136473234e-03 -1.068680681094047458e-02 -3.167847941488411562e-02 3.932004323622041719e-03 9.994903637604461988e-01 9.555667325402197321e-01 9.994522150519410397e-01 -4.716086434063034298e-04 3.309154477031721331e-02 3.865750693036318353e-02 4.053539394501527141e-04 9.999979296923542371e-01 2.008688057326163141e-03 -7.799234781956661255e-03 -3.309237554026061429e-02 -1.994169178185484226e-03 9.994502976635785130e-01 9.541657442044595427e-01
9.994522150519410397e-01 -4.716086434063034298e-04 3.309154477031721331e-02 3.865750693036318353e-02 4.053539394501527141e-04 9.999979296923542371e-01 2.008688057326163141e-03 -7.799234781956661255e-03 -3.309237554026061429e-02 -1.994169178185484226e-03 9.994502976635785130e-01 9.541657442044595427e-01 9.993668309939319760e-01 3.587125938195670927e-03 3.539924316426826256e-02 3.256114345761318418e-02 -3.757926676529592738e-03 9.999815675066378029e-01 4.759831241843734233e-03 -1.184142623921929927e-02 -3.538162361347306495e-02 -4.889841459143643050e-03 9.993619428067301858e-01 9.542241614504973768e-01
9.993668309939319760e-01 3.587125938195670927e-03 3.539924316426826256e-02 3.256114345761318418e-02 -3.757926676529592738e-03 9.999815675066378029e-01 4.759831241843734233e-03 -1.184142623921929927e-02 -3.538162361347306495e-02 -4.889841459143643050e-03 9.993619428067301858e-01 9.542241614504973768e-01 9.993194864377302755e-01 2.189137738372666248e-03 3.681998128667813425e-02 3.564685365586228727e-02 -2.331229898821814486e-03 9.999900455339528760e-01 3.816404064821638745e-03 -1.653369982600350063e-02 -3.681115619353239610e-02 -3.899651828660342674e-03 9.993146228821472299e-01 9.417509579132712361e-01
9.993194864377302755e-01 2.189137738372666248e-03 3.681998128667813425e-02 3.564685365586228727e-02 -2.331229898821814486e-03 9.999900455339528760e-01 3.816404064821638745e-03 -1.653369982600350063e-02 -3.681115619353239610e-02 -3.899651828660342674e-03 9.993146228821472299e-01 9.417509579132712361e-01 9.992904138658795787e-01 2.617698437304635979e-03 3.757504327966677132e-02 3.317284268923259560e-02 -2.394364839204734304e-03 9.999792160903331339e-01 -5.987495109601683428e-03 -1.735308215046482694e-02 -3.758990246721808509e-02 5.893275386551289144e-03 9.992758707866256085e-01 9.297365964575021735e-01
9.992904138658795787e-01 2.617698437304635979e-03 3.757504327966677132e-02 3.317284268923259560e-02 -2.394364839204734304e-03 9.999792160903331339e-01 -5.987495109601683428e-03 -1.735308215046482694e-02 -3.758990246721808509e-02 5.893275386551289144e-03 9.992758707866256085e-01 9.297365964575021735e-01 9.993120741866383661e-01 2.617228417021121283e-03 3.699438498509079881e-02 3.347828105802364007e-02 -2.317691081294292240e-03 9.999641334831534945e-01 -8.137496881303565854e-03 -1.130601597393166013e-02 -3.701446894292936135e-02 8.046156448226576136e-03 9.992823596185093082e-01 9.229744576637841647e-01
9.993120741866383661e-01 2.617228417021121283e-03 3.699438498509079881e-02 3.347828105802364007e-02 -2.317691081294292240e-03 9.999641334831534945e-01 -8.137496881303565854e-03 -1.130601597393166013e-02 -3.701446894292936135e-02 8.046156448226576136e-03 9.992823596185093082e-01 9.229744576637841647e-01 9.993479915560282700e-01 8.546768883564739546e-04 3.609388323416926753e-02 3.695212527503599631e-02 -7.312995536180820749e-04 9.999939172650681440e-01 -3.431378947539058619e-03 -7.393390894098794686e-03 -3.609651055829894706e-02 3.402748788155653299e-03 9.993425400208418852e-01 9.164327212164522507e-01
9.993479915560282700e-01 8.546768883564739546e-04 3.609388323416926753e-02 3.695212527503599631e-02 -7.312995536180820749e-04 9.999939172650681440e-01 -3.431378947539058619e-03 -7.393390894098794686e-03 -3.609651055829894706e-02 3.402748788155653299e-03 9.993425400208418852e-01 9.164327212164522507e-01 9.993616330588007690e-01 -1.543173998113827813e-03 3.569407211598534663e-02 4.102093822325514338e-02 1.447404380065706996e-03 9.999952995006977652e-01 2.708843690992509580e-03 -8.699515290690938013e-03 -3.569810632401106826e-02 -2.655449585953213731e-03 9.993590439671367065e-01 9.210429192839839629e-01
9.993616330588007690e-01 -1.543173998113827813e-03 3.569407211598534663e-02 4.102093822325514338e-02 1.447404380065706996e-03 9.999952995006977652e-01 2.708843690992509580e-03 -8.699515290690938013e-03 -3.569810632401106826e-02 -2.655449585953213731e-03 9.993590439671367065e-01 9.210429192839839629e-01 9.993514069486999496e-01 5.893538187674492732e-04 3.600596665259877399e-02 3.898444416439161841e-02 -6.258414142172345415e-04 9.999992583599525142e-01 1.002095736987991190e-03 -1.614359467467288423e-02 -3.600542929690115496e-02 -1.023976202210133196e-03 9.993510819529666245e-01 9.114222873204269604e-01
9.993514069486999496e-01 5.893538187674492732e-04 3.600596665259877399e-02 3.898444416439161841e-02 -6.258414142172345415e-04 9.999992583599525142e-01 1.002095736987991190e-03 -1.614359467467288423e-02 -3.600542929690115496e-02 -1.023976202210133196e-03 9.993510819529666245e-01 9.114222873204269604e-01 9.993515470284284330e-01 -1.638312800245726947e-03 3.596726841269370228e-02 4.115686096773885083e-02 1.765808025767534595e-03 9.999923151309531022e-01 -3.512937938842663598e-03 -1.449611181877855093e-02 -3.596112582188741580e-02 3.574165643697015636e-03 9.993468120357755780e-01 8.970469617384821959e-01
