9.999268000019572167e-01 -3.092411011786982186e-03 1.169424982953423675e-02 2.138868995099547227e-02 3.079218992191946110e-03 9.999946000004324986e-01 1.146025643634228115e-03 -8.456433102881678182e-03 -1.169773017154829460e-02 -1.109933355721232215e-03 9.999309999975982688e-01 2.880713999993663732e-01 9.999742868090608638e-01 -2.072049537385491427e-03 6.873475800248361051e-03 1.395624805963116902e-02 2.069995249030858690e-03 9.999978145471464241e-01 3.059098273491522835e-04 -7.060009459953390382e-03 -6.874097542658746951e-03 -2.916728271662771322e-04 9.999763419710814283e-01 2.928380261079361890e-01
9.999742868090608638e-01 -2.072049537385491427e-03 6.873475800248361051e-03 1.395624805963116902e-02 2.069995249030858690e-03 9.999978145471464241e-01 3.059098273491522835e-04 -7.060009459953390382e-03 -6.874097542658746951e-03 -2.916728271662771322e-04 9.999763419710814283e-01 2.928380261079361890e-01 9.999936307536408941e-01 -2.867468943797856894e-03 2.098970910893647318e-03 9.817952467147537249e-03 2.870222168018240778e-03 9.999950045396358567e-01 -1.309433855954169994e-03 -5.433931723652099532e-03 -2.095198319478449710e-03 1.315449731203747943e-03 9.999968808383309371e-01 2.987277672636093895e-01
9.999936307536408941e-01 -2.867468943797856894e-03 2.098970910893647318e-03 9.817952467147537249e-03 2.870222168018240778e-03 9.999950045396358567e-01 -1.309433855954169994e-03 -5.433931723652099532e-03 -2.095198319478449710e-03 1.315449731203747943e-03 9.999968808383309371e-01 2.987277672636093895e-01 9.999974727267537666e-01 -1.490896685844027422e-03 -1.692598446085211540e-03 4.605038272312525494e-03 1.487810261350094561e-03 9.999972218126742529e-01 -1.823501742864764652e-03 -4.750734472570836142e-03 1.695313223590790789e-03 1.820978255336327609e-03 9.999968937547183412e-01 3.061356745549932423e-01
9.999974727267537666e-01 -1.490896685844027422e-03 -1.692598446085211540e-03 4.605038272312525494e-03 1.487810261350094561e-03 9.999972218126742529e-01 -1.823501742864764652e-03 -4.750734472570836142e-03 1.695313223590790789e-03 1.820978255336327609e-03 9.999968937547183412e-01 3.061356745549932423e-01 9.999762370556694036e-01 -2.417514346127226221e-03 -6.465974046750557619e-03 -6.485767467105038597e-04 2.410116341482627239e-03 9.999964457436516518e-01 -1.151427138449307363e-03 -3.559220035466010429e-03 6.468724301695483181e-03 1.135815797938767233e-03 9.999785126733650165e-01 3.156986439975348890e-01
9.999762370556694036e-01 -2.417514346127226221e-03 -6.465974046750557619e-03 -6.485767467105038597e-04 2.410116341482627239e-03 9.999964457436516518e-01 -1.151427138449307363e-03 -3.559220035466010429e-03 6.468724301695483181e-03 1.135815797938767233e-03 9.999785126733650165e-01 3.156986439975348890e-01 9.999248024979271454e-01 -2.218298624855914464e-03 -1.206093671882066225e-02 -4.874976606318054406e-03 2.193410655666382970e-03 9.999953808800693400e-01 -2.076397704059237351e-03 -4.583033012445433818e-03 1.206549416061617093e-02 2.049786570909890599e-03 9.999250558244573428e-01 3.234486488534418225e-01
9.999248024979271454e-01 -2.218298624855914464e-03 -1.206093671882066225e-02 -4.874976606318054406e-03 2.193410655666382970e-03 9.999953808800693400e-01 -2.076397704059237351e-03 -4.583033012445433818e-03 1.206549416061617093e-02 2.049786570909890599e-03 9.999250558244573428e-01 3.234486488534418225e-01 9.998707191873011935e-01 6.245092958278860391e-04 -1.606405187533647624e-02 -1.217976928743674803e-02 -6.241098994429564997e-04 9.999998216670034079e-01 3.006372015734638142e-05 -7.038423419712985102e-03 1.606406874010172375e-02 -2.003323968187185964e-05 9.998709969136665432e-01 3.376920613905163293e-01
9.998707191873011935e-01 6.245092958278860391e-04 -1.606405187533647624e-02 -1.217976928743674803e-02 -6.241098994429564997e-04 9.999998216670034079e-01 3.006372015734638142e-05 -7.038423419712985102e-03 1.606406874010172375e-02 -2.003323968187185964e-05 9.998709969136665432e-01 3.376920613905163293e-01 9.998072270596314315e-01 4.571742098764589556e-03 -1.909529248791183922e-02 -1.751419815415491965e-02 -4.563040092318876480e-03 9.999895089959853767e-01 4.990588540111731176e-04 -8.596945850111781251e-03 1.909737596330828013e-02 -4.118314373140932304e-04 9.998174648462946346e-01 3.551513426730492640e-01
9.998072270596314315e-01 4.571742098764589556e-03 -1.909529248791183922e-02 -1.751419815415491965e-02 -4.563040092318876480e-03 9.999895089959853767e-01 4.990588540111731176e-04 -8.596945850111781251e-03 1.909737596330828013e-02 -4.118314373140932304e-04 9.998174648462946346e-01 3.551513426730492640e-01 9.998027059876990474e-01 3.692436299624534280e-03 -1.951948374691992588e-02 -1.913380901156150338e-02 -3.713187087469276351e-03 9.999925973011366542e-01 -1.026887375134565321e-03 -7.029593946366041735e-03 1.951553936617346496e-02 1.099165561315805506e-03 9.998090148212129824e-01 3.596608231964655289e-01
9.998027059876990474e-01 3.692436299624534280e-03 -1.951948374691992588e-02 -1.913380901156150338e-02 -3.713187087469276351e-03 9.999925973011366542e-01 -1.026887375134565321e-03 -7.029593946366041735e-03 1.951553936617346496e-02 1.099165561315805506e-03 9.998090148212129824e-01 3.596608231964655289e-01 9.997985991452316146e-01 7.173208657846001776e-04 -2.005155979389564025e-02 -1.413148133899125303e-02 -7.273218058285805783e-04 9.999995664314723642e-01 -4.914366098595572118e-04 -5.408131827625235755e-03 2.005121532338561760e-02 5.059210632722937594e-04 9.997988454336620423e-01 3.729912720993961983e-01
9.997985991452316146e-01 7.173208657846001776e-04 -2.005155979389564025e-02 -1.413148133899125303e-02 -7.273218058285805783e-04 9.999995664314723642e-01 -4.914366098595572118e-04 -5.408131827625235755e-03 2.005121532338561760e-02 5.059210632722937594e-04 9.997988454336620423e-01 3.729912720993961983e-01 9.997794870551665047e-01 -1.496412679161004261e-03 -2.094925150179142298e-02 -1.190116884614519921e-02 1.510360635958971336e-03 9.999986517856693791e-01 6.499455720886098548e-04 -3.896003330218417160e-03 2.094823649666821205e-02 -6.814422256851590228e-04 9.997803173285970679e-01 3.855386696945886094e-01
9.997794870551665047e-01 -1.496412679161004261e-03 -2.094925150179142298e-02 -1.190116884614519921e-02 1.510360635958971336e-03 9.999986517856693791e-01 6.499455720886098548e-04 -3.896003330218417160e-03 2.094823649666821205e-02 -6.814422256851590228e-04 9.997803173285970679e-01 3.855386696945886094e-01 9.997972441259901366e-01 -1.480264697025077862e-03 -2.007838447670011461e-02 -1.444544181066792499e-02 1.499845088372034818e-03 9.999984642555163061e-01 9.601286107130184390e-04 -5.202717965100717157e-03 2.007691251829351112e-02 -9.900490726956819466e-04 9.997979534592310591e-01 3.943806462634622534e-01
9.997972441259901366e-01 -1.480264697025077862e-03 -2.007838447670011461e-02 -1.444544181066792499e-02 1.499845088372034818e-03 9.999984642555163061e-01 9.601286107130184390e-04 -5.202717965100717157e-03 2.007691251829351112e-02 -9.900490726956819466e-04 9.997979534592310591e-01 3.943806462634622534e-01 9.998336353703740631e-01 1.006323784034516720e-03 -1.821449909769996128e-02 -2.398365669813745660e-02 -9.951609986851052414e-04 9.999992409968980756e-01 6.219415413898459182e-04 -7.290006129079179553e-03 1.821513792044340482e-02 -6.037111632069643756e-04 9.998338445299145283e-01 4.019263173924843002e-01
9.998336353703740631e-01 1.006323784034516720e-03 -1.821449909769996128e-02 -2.398365669813745660e-02 -9.951609986851052414e-04 9.999992409968980756e-01 6.219415413898459182e-04 -7.290006129079179553e-03 1.821513792044340482e-02 -6.037111632069643756e-04 9.998338445299145283e-01 4.019263173924843002e-01 9.998727940566422001e-01 1.386162115756269832e-03 -1.588830699366455476e-02 -2.308618493413427952e-02 -1.367487706594674394e-03 9.999983446972353640e-01 1.186167298469583808e-03 -7.375940918387779988e-03 1.588989118625093108e-02 -1.164289272905129694e-03 9.998731007484679134e-01 4.167716939194709980e-01
9.998727940566422001e-01 1.386162115756269832e-03 -1.588830699366455476e-02 -2.308618493413427952e-02 -1.367487706594674394e-03 9.999983446972353640e-01 1.186167298469583808e-03 -7.375940918387779988e-03 1.588989118625093108e-02 -1.164289272905129694e-03 9.998731007484679134e-01 4.167716939194709980e-01 9.999022629633160797e-01 1.002029503213290032e-03 -1.394971142136940991e-02 -2.066748071496921080e-02 -1.003691656610359098e-03 9.999995607910978634e-01 -1.121133524237734211e-04 -7.680718645966241875e-03 1.394964321614924375e-02 1.261028038006090600e-04 9.999026969050888169e-01 4.282816334143708659e-01
9.999022629633160797e-01 1.002029503213290032e-03 -1.394971142136940991e-02 -2.066748071496921080e-02 -1.003691656610359098e-03 9.999995607910978634e-01 -1.121133524237734211e-04 -7.680718645966241875e-03 1.394964321614924375e-02 1.261028038006090600e-04 9.999026969050888169e-01 4.282816334143708659e-01 9.999220527183708684e-01 -1.046120860013299066e-03 -1.243537295721325493e-02 -1.372904671708835567e-02 1.038936707069640321e-03 9.999992735036200564e-01 -5.842490093306570249e-04 -7.496730507556115253e-03 1.243592412327666590e-02 5.712847695614569048e-04 9.999225192270150275e-01 4.425197176117352527e-01
9.999220527183708684e-01 -1.046120860013299066e-03 -1.243537295721325493e-02 -1.372904671708835567e-02 1.038936707069640321e-03 9.999992735036200564e-01 -5.842490093306570249e-04 -7.496730507556115253e-03 1.243592412327666590e-02 5.712847695614569048e-04 9.999225192270150275e-01 4.425197176117352527e-01 9.999426751542453973e-01 -3.216316036602965764e-03 -1.021770646109957346e-02 -7.563408839416196905e-03 3.193871908567269633e-03 9.999924589218672777e-01 -2.212129587253356365e-03 -6.446833871532262061e-03 1.022479233634446608e-02 2.179367494180467577e-03 9.999452968344105797e-01 4.530608573304331088e-01
9.999426751542453973e-01 -3.216316036602965764e-03 -1.021770646109957346e-02 -7.563408839416196905e-03 3.193871908567269633e-03 9.999924589218672777e-01 -2.212129587253356365e-03 -6.446833871532262061e-03 1.022479233634446608e-02 2.179367494180467577e-03 9.999452968344105797e-01 4.530608573304331088e-01 9.999672225524726121e-01 6.487451527109451771e-04 -8.069788422841389988e-03 -8.230910436332394831e-03 -6.653749429367698332e-04 9.999976215414195790e-01 -2.058062379395284979e-03 -4.997443425020925423e-03 8.068355343243448566e-03 2.063365952766167775e-03 9.999653549865367141e-01 4.687616990329575017e-01
9.999672225524726121e-01 6.487451527109451771e-04 -8.069788422841389988e-03 -8.230910436332394831e-03 -6.653749429367698332e-04 9.999976215414195790e-01 -2.058062379395284979e-03 -4.997443425020925423e-03 8.068355343243448566e-03 2.063365952766167775e-03 9.999653549865367141e-01 4.687616990329575017e-01 9.999709952770797772e-01 1.273727161361363830e-03 -7.502658087122293477e-03 -1.196367684830090816e-02 -1.285748815417180795e-03 9.999979588292403632e-01 -1.597779526385387661e-03 -5.254075472338262665e-03 7.500726240692283907e-03 1.607379458673576476e-03 9.999705791351287676e-01 4.819991392853300027e-01
9.999709952770797772e-01 1.273727161361363830e-03 -7.502658087122293477e-03 -1.196367684830090816e-02 -1.285748815417180795e-03 9.999979588292403632e-01 -1.597779526385387661e-03 -5.254075472338262665e-03 7.500726240692283907e-03 1.607379458673576476e-03 9.999705791351287676e-01 4.819991392853300027e-01 9.999650921272409398e-01 -1.030375288234847814e-04 -8.357853629280610416e-03 -7.392310518500200267e-03 8.094607301009752742e-05 9.999965080553938623e-01 -2.643652909979549853e-03 -5.499868560463888612e-03 8.358025341292650220e-03 2.642880801563698891e-03 9.999615759503227563e-01 5.025794270313364009e-01
9.999650921272409398e-01 -1.030375288234847814e-04 -8.357853629280610416e-03 -7.392310518500200267e-03 8.094607301009752742e-05 9.999965080553938623e-01 -2.643652909979549853e-03 -5.499868560463888612e-03 8.358025341292650220e-03 2.642880801563698891e-03 9.999615759503227563e-01 5.025794270313364009e-01 9.999624415827537138e-01 -3.398768237935023608e-03 -7.975180227477254163e-03 -2.085546483358458048e-03 3.386890690694087901e-03 9.999931287766076204e-01 -1.502161469289398045e-03 -5.826526619216898517e-03 7.980197206752000574e-03 1.475091976675588917e-03 9.999670415508163934e-01 5.048330286343407636e-01
9.999624415827537138e-01 -3.398768237935023608e-03 -7.975180227477254163e-03 -2.085546483358458048e-03 3.386890690694087901e-03 9.999931287766076204e-01 -1.502161469289398045e-03 -5.826526619216898517e-03 7.980197206752000574e-03 1.475091976675588917e-03 9.999670415508163934e-01 5.048330286343407636e-01 9.999481783896280174e-01 -6.251193481044756486e-03 -8.038803304973507133e-03 2.601879915901883500e-03 6.238259417333264639e-03 9.999791538847921935e-01 -1.632547801376911046e-03 -6.290388233430012355e-03 8.048971380916774068e-03 1.582321690845912409e-03 9.999663822898989807e-01 5.253769972135682309e-01
9.999481783896280174e-01 -6.251193481044756486e-03 -8.038803304973507133e-03 2.601879915901883500e-03 6.238259417333264639e-03 9.999791538847921935e-01 -1.632547801376911046e-03 -6.290388233430012355e-03 8.048971380916774068e-03 1.582321690845912409e-03 9.999663822898989807e-01 5.253769972135682309e-01 9.999597008180871605e-01 -6.716321647641630569e-04 -8.949623289620477207e-03 -5.443198747896893508e-03 6.625761900912119839e-04 9.999993200876314825e-01 -1.015640293626384220e-03 -5.606079791219194253e-03 8.950219146791385180e-03 1.009664136087529444e-03 9.999594020987399023e-01 5.359811630357871337e-01
9.999597008180871605e-01 -6.716321647641630569e-04 -8.949623289620477207e-03 -5.443198747896893508e-03 6.625761900912119839e-04 9.999993200876314825e-01 -1.015640293626384220e-03 -5.606079791219194253e-03 8.950219146791385180e-03 1.009664136087529444e-03 9.999594020987399023e-01 5.359811630357871337e-01 9.999466477885118332e-01 5.293425064557745474e-03 -8.868606050269910862e-03 -1.247122121457167054e-02 -5.335158214376577689e-03 9.999747733322769117e-01 -4.688877404211128259e-03 -7.917500935527253814e-03 8.843557923488867129e-03 4.735938125579329354e-03 9.999497752814858753e-01 5.498074773175485319e-01
9.999466477885118332e-01 5.293425064557745474e-03 -8.868606050269910862e-03 -1.247122121457167054e-02 -5.335158214376577689e-03 9.999747733322769117e-01 -4.688877404211128259e-03 -7.917500935527253814e-03 8.843557923488867129e-03 4.735938125579329354e-03 9.999497752814858753e-01 5.498074773175485319e-01 9.999512129708728603e-01 3.983669221971618615e-03 -9.036106935737007323e-03 -8.855987966971845538e-03 -4.015211363275431738e-03 9.999859089191802664e-01 -3.475242265284480929e-03 -1.129817369418046995e-02 9.022158188400051376e-03 3.511361590823775924e-03 9.999530759423270743e-01 5.604146219248846705e-01
9.999512129708728603e-01 3.983669221971618615e-03 -9.036106935737007323e-03 -8.855987966971845538e-03 -4.015211363275431738e-03 9.999859089191802664e-01 -3.475242265284480929e-03 -1.129817369418046995e-02 9.022158188400051376e-03 3.511361590823775924e-03 9.999530759423270743e-01 5.604146219248846705e-01 9.999610585383813532e-01 -1.764591686504574791e-03 -8.646033549780853672e-03 2.572791670169216616e-03 1.752050895560509003e-03 9.999973475474831508e-01 -1.457144544005822221e-03 -1.540642023883726647e-02 8.648561219278918730e-03 1.441933172074312108e-03 9.999615385365187015e-01 5.686882937504815771e-01
9.999610585383813532e-01 -1.764591686504574791e-03 -8.646033549780853672e-03 2.572791670169216616e-03 1.752050895560509003e-03 9.999973475474831508e-01 -1.457144544005822221e-03 -1.540642023883726647e-02 8.648561219278918730e-03 1.441933172074312108e-03 9.999615385365187015e-01 5.686882937504815771e-01 9.999564464374152140e-01 -2.695656147137203730e-03 -8.938989075586076943e-03 4.822995946879959916e-03 2.675219711295913610e-03 9.999938029879124057e-01 -2.297744262089866304e-03 -1.207338228110853111e-02 8.945159312416612815e-03 2.273728957031261565e-03 9.999574655224064967e-01 5.807511314416000658e-01
9.999564464374152140e-01 -2.695656147137203730e-03 -8.938989075586076943e-03 4.822995946879959916e-03 2.675219711295913610e-03 9.999938029879124057e-01 -2.297744262089866304e-03 -1.207338228110853111e-02 8.945159312416612815e-03 2.273728957031261565e-03 9.999574655224064967e-01 5.807511314416000658e-01 9.999653716461613939e-01 1.104352614373392289e-03 -8.254263083112884161e-03 2.678181774204979604e-04 -1.124376056325562334e-03 9.999964351833328102e-01 -2.421747100470406869e-03 -8.575229950112554789e-03 8.251550120915636735e-03 2.430955984809513720e-03 9.999629652796957480e-01 5.895642512957373071e-01
9.999653716461613939e-01 1.104352614373392289e-03 -8.254263083112884161e-03 2.678181774204979604e-04 -1.124376056325562334e-03 9.999964351833328102e-01 -2.421747100470406869e-03 -8.575229950112554789e-03 8.251550120915636735e-03 2.430955984809513720e-03 9.999629652796957480e-01 5.895642512957373071e-01 9.999636658480223206e-01 2.093934656425593122e-03 -8.262820890881034455e-03 -3.942009245661237671e-03 -2.121014226370756400e-03 9.999923677915363296e-01 -3.269432652504489743e-03 -9.048348089030960884e-03 8.255934968095918897e-03 3.286835444303057557e-03 9.999604838015097030e-01 6.068181785778161696e-01
9.999636658480223206e-01 2.093934656425593122e-03 -8.262820890881034455e-03 -3.942009245661237671e-03 -2.121014226370756400e-03 9.999923677915363296e-01 -3.269432652504489743e-03 -9.048348089030960884e-03 8.255934968095918897e-03 3.286835444303057557e-03 9.999604838015097030e-01 6.068181785778161696e-01 9.999664269170063235e-01 4.893703507551097837e-04 -8.171720790384431887e-03 -1.848187397344158711e-04 -5.300058716802522355e-04 9.999875236800697120e-01 -4.971820211779904436e-03 -7.582250733053255698e-03 8.169166232859199211e-03 4.975985372564934242e-03 9.999543394905399118e-01 6.160124861953129027e-01
9.999664269170063235e-01 4.893703507551097837e-04 -8.171720790384431887e-03 -1.848187397344158711e-04 -5.300058716802522355e-04 9.999875236800697120e-01 -4.971820211779904436e-03 -7.582250733053255698e-03 8.169166232859199211e-03 4.975985372564934242e-03 9.999543394905399118e-01 6.160124861953129027e-01 9.999807950821090197e-01 6.222084484479271926e-04 -6.166948646246441131e-03 -7.166287915538749331e-04 -6.674695054822840298e-04 9.999728340254594450e-01 -7.338775298840681006e-03 -2.924693720360971305e-03 6.162226721835572900e-03 7.342742009309228060e-03 9.999540147416824398e-01 6.302786151519939040e-01
9.999807950821090197e-01 6.222084484479271926e-04 -6.166948646246441131e-03 -7.166287915538749331e-04 -6.674695054822840298e-04 9.999728340254594450e-01 -7.338775298840681006e-03 -2.924693720360971305e-03 6.162226721835572900e-03 7.342742009309228060e-03 9.999540147416824398e-01 6.302786151519939040e-01 9.999880960726224011e-01 1.996514023251496229e-03 -4.452846653601049039e-03 3.773873631789381733e-04 -2.032929743013900132e-03 9.999643978835554003e-01 -8.189143661306503771e-03 3.833206866419663905e-03 4.436342609150351057e-03 8.198101971302584542e-03 9.999565617885186608e-01 6.427001985095444070e-01
9.999880960726224011e-01 1.996514023251496229e-03 -4.452846653601049039e-03 3.773873631789381733e-04 -2.032929743013900132e-03 9.999643978835554003e-01 -8.189143661306503771e-03 3.833206866419663905e-03 4.436342609150351057e-03 8.198101971302584542e-03 9.999565617885186608e-01 6.427001985095444070e-01 9.999875857267643831e-01 2.564270358774366557e-03 -4.271347818057441223e-03 -1.471520445206264682e-03 -2.600392523792223985e-03 9.999607955715337226e-01 -8.472489427566091622e-03 8.750268917042669514e-04 4.249501508778636555e-03 8.483475766909210486e-03 9.999549160597989150e-01 6.563850567149387416e-01
9.999875857267643831e-01 2.564270358774366557e-03 -4.271347818057441223e-03 -1.471520445206264682e-03 -2.600392523792223985e-03 9.999607955715337226e-01 -8.472489427566091622e-03 8.750268917042669514e-04 4.249501508778636555e-03 8.483475766909210486e-03 9.999549160597989150e-01 6.563850567149387416e-01 9.999838600680783784e-01 3.508742082310284914e-03 -4.465492349869455181e-03 -1.949171209405298200e-03 -3.548868300557886466e-03 9.999530402696017450e-01 -9.008850289402858119e-03 2.481320672553133377e-03 4.433558347528810187e-03 9.024572411302406866e-03 9.999495474958658425e-01 6.691381838053143127e-01
9.999838600680783784e-01 3.508742082310284914e-03 -4.465492349869455181e-03 -1.949171209405298200e-03 -3.548868300557886466e-03 9.999530402696017450e-01 -9.008850289402858119e-03 2.481320672553133377e-03 4.433558347528810187e-03 9.024572411302406866e-03 9.999495474958658425e-01 6.691381838053143127e-01 9.999865494467676807e-01 2.650208937053655841e-03 -4.471093771273721741e-03 -2.139502894602962613e-03 -2.681939056250614781e-03 9.999711784069151843e-01 -7.106511394574703891e-03 -7.130575902072333605e-04 4.452109082049931187e-03 7.118393114029598033e-03 9.999646863594348067e-01 6.833908203887535393e-01
9.999865494467676807e-01 2.650208937053655841e-03 -4.471093771273721741e-03 -2.139502894602962613e-03 -2.681939056250614781e-03 9.999711784069151843e-01 -7.106511394574703891e-03 -7.130575902072333605e-04 4.452109082049931187e-03 7.118393114029598033e-03 9.999646863594348067e-01 6.833908203887535393e-01 9.999748719055548962e-01 4.499282600183072793e-03 -5.473179026378826098e-03 -1.244363267377734950e-02 -4.534171029888673168e-03 9.999693839884726820e-01 -6.377743587528631602e-03 -3.184382332711344077e-03 5.444382434989174235e-03 6.402399197190817952e-03 9.999647024825375485e-01 7.125552135953938659e-01
9.999748719055548962e-01 4.499282600183072793e-03 -5.473179026378826098e-03 -1.244363267377734950e-02 -4.534171029888673168e-03 9.999693839884726820e-01 -6.377743587528631602e-03 -3.184382332711344077e-03 5.444382434989174235e-03 6.402399197190817952e-03 9.999647024825375485e-01 7.125552135953938659e-01 9.999819783061807410e-01 3.019280498324766054e-03 -5.189183032404027368e-03 -1.388865083987989024e-02 -3.050535033348015807e-03 9.999771981041482016e-01 -6.026869489221096596e-03 -6.105203372413159357e-03 5.170886558997341009e-03 6.042587297184359024e-03 9.999683353920134632e-01 6.900189521598818487e-01
9.999819783061807410e-01 3.019280498324766054e-03 -5.189183032404027368e-03 -1.388865083987989024e-02 -3.050535033348015807e-03 9.999771981041482016e-01 -6.026869489221096596e-03 -6.105203372413159357e-03 5.170886558997341009e-03 6.042587297184359024e-03 9.999683353920134632e-01 6.900189521598818487e-01 9.999770916357194617e-01 4.148854822930503686e-03 -5.345018877379954271e-03 -1.646014533026773918e-02 -4.177219577223468053e-03 9.999772059046129202e-01 -5.304915950505071677e-03 -5.439778274784257128e-03 5.322905564804578278e-03 5.327115264329330448e-03 9.999716851811243368e-01 7.198868920901624335e-01
9.999770916357194617e-01 4.148854822930503686e-03 -5.345018877379954271e-03 -1.646014533026773918e-02 -4.177219577223468053e-03 9.999772059046129202e-01 -5.304915950505071677e-03 -5.439778274784257128e-03 5.322905564804578278e-03 5.327115264329330448e-03 9.999716851811243368e-01 7.198868920901624335e-01 9.999778060244469691e-01 3.957396515689372458e-03 -5.369352047199713734e-03 -1.510372459076236851e-02 -3.975788972383983294e-03 9.999862786916772217e-01 -3.419655480875893102e-03 -3.308082122064570640e-03 5.355732761848122116e-03 3.440887157371410720e-03 9.999797249169811719e-01 7.366658685346294533e-01
9.999778060244469691e-01 3.957396515689372458e-03 -5.369352047199713734e-03 -1.510372459076236851e-02 -3.975788972383983294e-03 9.999862786916772217e-01 -3.419655480875893102e-03 -3.308082122064570640e-03 5.355732761848122116e-03 3.440887157371410720e-03 9.999797249169811719e-01 7.366658685346294533e-01 9.999834660729398639e-01 2.094241349098645982e-03 -5.343910980692984612e-03 -1.286085555465099617e-02 -2.101301165106632656e-03 9.999969338048155798e-01 -1.316751963471372465e-03 -3.448319198126936769e-03 5.341151996385801702e-03 1.327996596724669368e-03 9.999848673602186322e-01 7.476111945572263551e-01
9.999834660729398639e-01 2.094241349098645982e-03 -5.343910980692984612e-03 -1.286085555465099617e-02 -2.101301165106632656e-03 9.999969338048155798e-01 -1.316751963471372465e-03 -3.448319198126936769e-03 5.341151996385801702e-03 1.327996596724669368e-03 9.999848673602186322e-01 7.476111945572263551e-01 9.999786726820177885e-01 -6.126333899212733707e-05 -6.527246168000212269e-03 -7.561578489859943630e-03 6.487272660048622457e-05 9.999998186192184946e-01 5.558838805864778311e-04 -5.868082519898232263e-03 6.527153379754516843e-03 -5.562917611167670414e-04 9.999785848574336278e-01 7.621557832270653421e-01
9.999786726820177885e-01 -6.126333899212733707e-05 -6.527246168000212269e-03 -7.561578489859943630e-03 6.487272660048622457e-05 9.999998186192184946e-01 5.558838805864778311e-04 -5.868082519898232263e-03 6.527153379754516843e-03 -5.562917611167670414e-04 9.999785848574336278e-01 7.621557832270653421e-01 9.999775530676837665e-01 -7.290449647402804550e-05 -6.703778089042518665e-03 -7.482237657800094865e-03 8.259309459673121884e-05 9.999989068743372345e-01 1.441591349070088469e-03 -5.347950721574568078e-03 6.703595490269009978e-03 -1.442090958959906096e-03 9.999764518316410777e-01 7.709415617203205784e-01
9.999775530676837665e-01 -7.290449647402804550e-05 -6.703778089042518665e-03 -7.482237657800094865e-03 8.259309459673121884e-05 9.999989068743372345e-01 1.441591349070088469e-03 -5.347950721574568078e-03 6.703595490269009978e-03 -1.442090958959906096e-03 9.999764518316410777e-01 7.709415617203205784e-01 9.999732072060149024e-01 -6.840024092453228120e-04 -7.295089341248384845e-03 -7.983785386938002659e-03 6.971306399972637506e-04 9.999981661750024786e-01 1.800017725621125796e-03 -4.996890618815141849e-03 7.293882817608421734e-03 -1.805112865343543342e-03 9.999717639929794899e-01 7.881669454598672075e-01
9.999732072060149024e-01 -6.840024092453228120e-04 -7.295089341248384845e-03 -7.983785386938002659e-03 6.971306399972637506e-04 9.999981661750024786e-01 1.800017725621125796e-03 -4.996890618815141849e-03 7.293882817608421734e-03 -1.805112865343543342e-03 9.999717639929794899e-01 7.881669454598672075e-01 9.999608446038895648e-01 -3.179668163678242912e-04 -8.836134711711927936e-03 -7.727408828408499630e-03 3.397175132964072369e-04 9.999969356183733282e-01 2.458293688097083502e-03 -7.311494583837285788e-03 8.835308031618306981e-03 -2.461142708876220674e-03 9.999579131640180529e-01 7.942772596680356401e-01
9.999608446038895648e-01 -3.179668163678242912e-04 -8.836134711711927936e-03 -7.727408828408499630e-03 3.397175132964072369e-04 9.999969356183733282e-01 2.458293688097083502e-03 -7.311494583837285788e-03 8.835308031618306981e-03 -2.461142708876220674e-03 9.999579131640180529e-01 7.942772596680356401e-01 9.999586369504561700e-01 -1.571669066088417167e-04 -9.105001131616054580e-03 -2.207546139398530727e-02 2.075298196477208144e-04 9.999847112131484694e-01 5.531186862455068735e-03 -1.521043690935997006e-02 9.104061342332386494e-03 -5.532872624572825193e-03 9.999432507793691860e-01 8.217406668258178115e-01
9.999586369504561700e-01 -1.571669066088417167e-04 -9.105001131616054580e-03 -2.207546139398530727e-02 2.075298196477208144e-04 9.999847112131484694e-01 5.531186862455068735e-03 -1.521043690935997006e-02 9.104061342332386494e-03 -5.532872624572825193e-03 9.999432507793691860e-01 8.217406668258178115e-01 9.999565523561805280e-01 1.707971513358339964e-03 -9.157662777619262826e-03 -1.930055732264746027e-02 -1.659570911914040993e-03 9.999846222465030854e-01 5.289522393662144176e-03 -1.390992306227489816e-02 9.166576979471726880e-03 -5.274090972183200637e-03 9.999440536619903508e-01 8.077492534334851371e-01
9.999565523561805280e-01 1.707971513358339964e-03 -9.157662777619262826e-03 -1.930055732264746027e-02 -1.659570911914040993e-03 9.999846222465030854e-01 5.289522393662144176e-03 -1.390992306227489816e-02 9.166576979471726880e-03 -5.274090972183200637e-03 9.999440536619903508e-01 8.077492534334851371e-01 9.999518438278477417e-01 2.559939472541450638e-03 -9.478332736145286125e-03 -2.399685059528433584e-02 -2.524902782803680260e-03 9.999898951810733960e-01 3.706791870525404011e-03 -1.860184536679787559e-02 9.487741612871226915e-03 -3.682669317796067633e-03 9.999482718635329670e-01 8.279570551294206382e-01
9.999518438278477417e-01 2.559939472541450638e-03 -9.478332736145286125e-03 -2.399685059528433584e-02 -2.524902782803680260e-03 9.999898951810733960e-01 3.706791870525404011e-03 -1.860184536679787559e-02 9.487741612871226915e-03 -3.682669317796067633e-03 9.999482718635329670e-01 8.279570551294206382e-01 9.999528645647098868e-01 7.187452741715255611e-04 -9.676532270470295308e-03 -1.697475821330618473e-02 -7.044054154052514999e-04 9.999986540260783485e-01 1.485908333282287812e-03 -1.434330105577641401e-02 9.677522501116668160e-03 -1.479020918031985444e-03 9.999520769325321856e-01 8.319248207640193016e-01
9.999528645647098868e-01 7.187452741715255611e-04 -9.676532270470295308e-03 -1.697475821330618473e-02 -7.044054154052514999e-04 9.999986540260783485e-01 1.485908333282287812e-03 -1.434330105577641401e-02 9.677522501116668160e-03 -1.479020918031985444e-03 9.999520769325321856e-01 8.319248207640193016e-01 9.999500538369532343e-01 -4.573083507295229184e-04 -9.981649399711797072e-03 -1.715484585708448861e-02 4.614952344904448825e-04 9.999998282922984982e-01 4.173818259222443678e-04 -1.340394018524815323e-02 9.981524976551274173e-03 -4.219728777306311828e-04 9.999500940998276022e-01 8.432124469321031768e-01
9.999500538369532343e-01 -4.573083507295229184e-04 -9.981649399711797072e-03 -1.715484585708448861e-02 4.614952344904448825e-04 9.999998282922984982e-01 4.173818259222443678e-04 -1.340394018524815323e-02 9.981524976551274173e-03 -4.219728777306311828e-04 9.999500940998276022e-01 8.432124469321031768e-01 9.999552069918072883e-01 -2.614030182286226629e-04 -9.467707592374172837e-03 -1.383517831656444486e-02 2.676901640279049266e-04 9.999997099385016242e-01 6.616418172855247689e-04 -1.062994084770552128e-02 9.467478196828395254e-03 -6.641466802588104432e-04 9.999549401901692836e-01 8.507804142830899252e-01
9.999552069918072883e-01 -2.614030182286226629e-04 -9.467707592374172837e-03 -1.383517831656444486e-02 2.676901640279049266e-04 9.999997099385016242e-01 6.616418172855247689e-04 -1.062994084770552128e-02 9.467478196828395254e-03 -6.641466802588104432e-04 9.999549401901692836e-01 8.507804142830899252e-01 9.999551080714011997e-01 7.592716109959071367e-04 -9.439164357997225502e-03 -1.699978122955503324e-02 -7.445494442812697084e-04 9.999985660426744527e-01 1.564422410184905131e-03 -1.238053333543731593e-02 9.440297214716685675e-03 -1.557325374200567263e-03 9.999542066507117744e-01 8.640175662984788119e-01
9.999551080714011997e-01 7.592716109959071367e-04 -9.439164357997225502e-03 -1.699978122955503324e-02 -7.445494442812697084e-04 9.999985660426744527e-01 1.564422410184905131e-03 -1.238053333543731593e-02 9.440297214716685675e-03 -1.557325374200567263e-03 9.999542066507117744e-01 8.640175662984788119e-01 9.999594689905348943e-01 -2.038288278350517194e-03 -8.776315342847295503e-03 -1.017940654331273009e-02 2.054658682416588087e-03 9.999961284795158001e-01 1.855707498914469043e-03 -1.126174445028910176e-02 8.772513595962377550e-03 -1.873658188879635724e-03 9.999598548512936835e-01 8.712055725952190244e-01
9.999594689905348943e-01 -2.038288278350517194e-03 -8.776315342847295503e-03 -1.017940654331273009e-02 2.054658682416588087e-03 9.999961284795158001e-01 1.855707498914469043e-03 -1.126174445028910176e-02 8.772513595962377550e-03 -1.873658188879635724e-03 9.999598548512936835e-01 8.712055725952190244e-01 9.999589757486232466e-01 -1.242531374922261483e-03 -8.971797404679156610e-03 -1.074271747430799451e-02 1.274783753628931215e-03 9.999927326289234086e-01 3.591168105239962629e-03 -1.052394761281094659e-02 8.967270804932437819e-03 -3.602473603418493257e-03 9.999531906883747379e-01 8.882178973596204230e-01
9.999589757486232466e-01 -1.242531374922261483e-03 -8.971797404679156610e-03 -1.074271747430799451e-02 1.274783753628931215e-03 9.999927326289234086e-01 3.591168105239962629e-03 -1.052394761281094659e-02 8.967270804932437819e-03 -3.602473603418493257e-03 9.999531906883747379e-01 8.882178973596204230e-01 9.999645527549353430e-01 -9.608804831609429518e-05 -8.418436982787429190e-03 -1.156898303677866835e-02 1.412567653264749142e-04 9.999855798066555890e-01 5.363945253938896124e-03 -8.811723247156844074e-03 8.417884424483424582e-03 -5.364921945897065461e-03 9.999502672039243256e-01 8.988188533555927506e-01
9.999645527549353430e-01 -9.608804831609429518e-05 -8.418436982787429190e-03 -1.156898303677866835e-02 1.412567653264749142e-04 9.999855798066555890e-01 5.363945253938896124e-03 -8.811723247156844074e-03 8.417884424483424582e-03 -5.364921945897065461e-03 9.999502672039243256e-01 8.988188533555927506e-01 9.999624003027172137e-01 -1.811450433292704923e-03 -8.478068877685058374e-03 -9.233460907432267106e-03 1.846421390056590325e-03 9.999898699808393854e-01 4.118026339129129618e-03 -1.305461541063716868e-02 8.470513558802130263e-03 -4.133533769525668013e-03 9.999555346769267716e-01 9.083698872972796323e-01
9.999624003027172137e-01 -1.811450433292704923e-03 -8.478068877685058374e-03 -9.233460907432267106e-03 1.846421390056590325e-03 9.999898699808393854e-01 4.118026339129129618e-03 -1.305461541063716868e-02 8.470513558802130263e-03 -4.133533769525668013e-03 9.999555346769267716e-01 9.083698872972796323e-01 9.999643913039594212e-01 -1.653523628005328355e-03 -8.274355916833668612e-03 -7.851213176032878494e-03 1.667882889152901352e-03 9.999971371241506146e-01 1.729746057451924399e-03 -1.306907725761285305e-02 8.271486340575038426e-03 -1.743490137242146567e-03 9.999642948684364097e-01 9.183290972741176006e-01
9.999643913039594212e-01 -1.653523628005328355e-03 -8.274355916833668612e-03 -7.851213176032878494e-03 1.667882889152901352e-03 9.999971371241506146e-01 1.729746057451924399e-03 -1.306907725761285305e-02 8.271486340575038426e-03 -1.743490137242146567e-03 9.999642948684364097e-01 9.183290972741176006e-01 9.999742276911905980e-01 -1.550590525646595172e-03 -7.007985943526531640e-03 -7.005155578348798429e-03 1.554917590578801636e-03 9.999985316876222052e-01 6.114727143634322891e-04 -9.682355669284020694e-03 7.006985286484846559e-03 -6.223475522502702360e-04 9.999752130940874340e-01 9.286666049853238292e-01
9.999742276911905980e-01 -1.550590525646595172e-03 -7.007985943526531640e-03 -7.005155578348798429e-03 1.554917590578801636e-03 9.999985316876222052e-01 6.114727143634322891e-04 -9.682355669284020694e-03 7.006985286484846559e-03 -6.223475522502702360e-04 9.999752130940874340e-01 9.286666049853238292e-01 9.999771137909184704e-01 -1.249072232913503910e-04 -6.778105914769318868e-03 -8.895782135531327128e-03 1.356367872800638816e-04 9.999987873604139210e-01 1.581756984192517548e-03 -9.206271744224919784e-03 6.777895820716912760e-03 -1.582642578777117802e-03 9.999758014271895590e-01 9.419724879702116027e-01
9.999771137909184704e-01 -1.249072232913503910e-04 -6.778105914769318868e-03 -8.895782135531327128e-03 1.356367872800638816e-04 9.999987873604139210e-01 1.581756984192517548e-03 -9.206271744224919784e-03 6.777895820716912760e-03 -1.582642578777117802e-03 9.999758014271895590e-01 9.419724879702116027e-01 9.999789784581972762e-01 -1.898630575542927228e-03 -6.187101070254200433e-03 -4.947857298343016907e-03 1.907886383663877925e-03 9.999969978464632314e-01 1.491725286707255328e-03 -1.047563625415409705e-02 6.184253008965544252e-03 -1.503492006958026105e-03 9.999797883913837948e-01 9.548267327383967995e-01
9.999789784581972762e-01 -1.898630575542927228e-03 -6.187101070254200433e-03 -4.947857298343016907e-03 1.907886383663877925e-03 9.999969978464632314e-01 1.491725286707255328e-03 -1.047563625415409705e-02 6.184253008965544252e-03 -1.503492006958026105e-03 9.999797883913837948e-01 9.548267327383967995e-01 9.999836570855479279e-01 -1.480135709811173208e-03 -5.523349007472304339e-03 -4.668034961142986106e-03 1.480210314104610193e-03 9.999989886492219870e-01 8.998140365327856886e-06 -1.251827124416587944e-02 5.523277727609853492e-03 -1.717383627437404285e-05 9.999847331764712965e-01 9.692025568744568886e-01
9.999836570855479279e-01 -1.480135709811173208e-03 -5.523349007472304339e-03 -4.668034961142986106e-03 1.480210314104610193e-03 9.999989886492219870e-01 8.998140365327856886e-06 -1.251827124416587944e-02 5.523277727609853492e-03 -1.717383627437404285e-05 9.999847331764712965e-01 9.692025568744568886e-01 9.999901865557677683e-01 -7.298737397536672004e-04 -4.380158309847850817e-03 -3.760035909968095780e-03 7.267097452776865403e-04 9.999993948239512820e-01 -7.244125382327673991e-04 -1.109136481335687430e-02 4.380705082745984906e-03 7.212235182215640797e-04 9.999901406667929260e-01 9.745110771747249601e-01
9.999901865557677683e-01 -7.298737397536672004e-04 -4.380158309847850817e-03 -3.760035909968095780e-03 7.267097452776865403e-04 9.999993948239512820e-01 -7.244125382327673991e-04 -1.109136481335687430e-02 4.380705082745984906e-03 7.212235182215640797e-04 9.999901406667929260e-01 9.745110771747249601e-01 9.999957369930611017e-01 5.378765430215148640e-04 -2.863839605839008269e-03 4.082951806647194815e-03 -5.397256474711656718e-04 9.999996399922890244e-01 -6.440708310900591363e-04 -1.263722781282777818e-02 2.863486131979028557e-03 6.456103080721979810e-04 9.999956745095509580e-01 1.007301980126349861e+00
9.999957369930611017e-01 5.378765430215148640e-04 -2.863839605839008269e-03 4.082951806647194815e-03 -5.397256474711656718e-04 9.999996399922890244e-01 -6.440708310900591363e-04 -1.263722781282777818e-02 2.863486131979028557e-03 6.456103080721979810e-04 9.999956745095509580e-01 1.007301980126349861e+00 9.999994695949463441e-01 -4.035800825461118816e-04 -9.013523854657080848e-04 1.039239173540096317e-02 4.045930288540797908e-04 9.999993451683147905e-01 1.129838799604562663e-03 -1.262435967945602089e-02 9.008938614256794273e-04 -1.130208201583584194e-03 9.999989261687471931e-01 1.024470710420331443e+00
9.999994695949463441e-01 -4.035800825461118816e-04 -9.013523854657080848e-04 1.039239173540096317e-02 4.045930288540797908e-04 9.999993451683147905e-01 1.129838799604562663e-03 -1.262435967945602089e-02 9.008938614256794273e-04 -1.130208201583584194e-03 9.999989261687471931e-01 1.024470710420331443e+00 9.999999531393225505e-01 -3.614800441510362494e-04 -2.329173737714956263e-04 1.402488135883661613e-02 3.618450346589471693e-04 9.999987548906591472e-01 1.548897395114355547e-03 -1.543575613037062588e-02 2.323721408164773519e-04 -1.548982595262950006e-03 9.999988482307022863e-01 1.030255513057475980e+00
9.999999531393225505e-01 -3.614800441510362494e-04 -2.329173737714956263e-04 1.402488135883661613e-02 3.618450346589471693e-04 9.999987548906591472e-01 1.548897395114355547e-03 -1.543575613037062588e-02 2.323721408164773519e-04 -1.548982595262950006e-03 9.999988482307022863e-01 1.030255513057475980e+00 9.999985713859556036e-01 -1.600858790055641710e-03 -4.546949038934062571e-04 1.152118010788250047e-02 1.601125985604935891e-03 9.999985332317372633e-01 5.884598421757799040e-04 -1.502741363743015368e-02 4.537722326822973850e-04 -5.891857234643669639e-04 9.999996601121642348e-01 1.043161017014199388e+00
9.999985713859556036e-01 -1.600858790055641710e-03 -4.546949038934062571e-04 1.152118010788250047e-02 1.601125985604935891e-03 9.999985332317372633e-01 5.884598421757799040e-04 -1.502741363743015368e-02 4.537722326822973850e-04 -5.891857234643669639e-04 9.999996601121642348e-01 1.043161017014199388e+00 9.999974472709716178e-01 -1.861864794234004486e-03 -1.299674920790441736e-03 3.022377703607581623e-03 1.861248493098843033e-03 9.999981105012947236e-01 -4.789756436595858907e-04 -1.417649818306854215e-02 1.300535017782556259e-03 4.765647797562904200e-04 9.999990818789818992e-01 1.054548117532981166e+00
