9.998804000026429994e-01 1.381570987852826816e-03 1.540755982956878295e-02 1.210186997839192945e-02 -1.365955006485374598e-03 9.999984999996262003e-01 -1.023970356392359549e-03 4.468735547082523969e-04 -1.540895016995678934e-02 1.002800643514726621e-03 9.998807999977383787e-01 1.267280999977776490e-01
9.997827526030060863e-01 2.765029646911809288e-03 2.065638078850381282e-02 1.592669257434065067e-02 -2.773819224300735822e-03 9.999961120480553856e-01 3.967605356655062171e-04 6.996204445505903226e-04 -2.065520806638746626e-02 -4.539705108650153760e-04 9.997865698260122169e-01 1.421565570910672260e-01
9.996414940160596174e-01 1.623045191783175321e-03 2.672413051225393937e-02 2.379361535889581644e-02 -1.661356199593723611e-03 9.999976306681501725e-01 1.411427221447726079e-03 1.533654813814790694e-03 -2.672177954620818044e-02 -1.455319141912748320e-03 9.996418548014768257e-01 1.628805019728363779e-01
9.994396002589484018e-01 -1.427690034533622991e-04 3.347360304159404526e-02 3.421834293251952569e-02 6.018667983009868525e-05 9.999969706383720069e-01 2.468088579616046357e-03 1.098029802783397416e-03 -3.347384676744630944e-02 -2.464690185764522971e-03 9.994365574164157939e-01 1.754152376371374000e-01
9.992758375565078399e-01 -2.761394640848836152e-03 3.795072199252588069e-02 4.232065919385628178e-02 2.670589501394718835e-03 9.999934436823956219e-01 2.443214192654633542e-03 1.633569472404561513e-03 -3.795718730755236192e-02 -2.340093560179505768e-03 9.992765512313819265e-01 1.884951862678307943e-01
9.992010994293974990e-01 -3.268678980209090233e-03 3.982990094385542579e-02 4.821667399043357699e-02 3.242731847487889760e-03 9.999944036928076763e-01 7.160629510492376839e-04 1.470572754382348975e-03 -3.983204861740025776e-02 -5.863336337898397005e-04 9.992062115997352167e-01 2.025357119866020295e-01
9.990383685285169069e-01 -1.112885636687443796e-04 4.384451624787542162e-02 4.524929860907893342e-02 5.552305356683045893e-05 9.999992631131969789e-01 1.273108234549931352e-03 2.358584614686961428e-03 -4.384466321725734306e-02 -1.269449041672510029e-03 9.990375748845671255e-01 2.153065279652963682e-01
9.987817910633359775e-01 5.727182114982458383e-04 4.934220960384017723e-02 4.642204896445305262e-02 -6.918389895318252528e-04 9.999968618858656733e-01 2.397138174326451324e-03 1.941535204040624983e-03 -4.934065649529897901e-02 -2.428355298393126711e-03 9.987790571177934673e-01 2.295079490194551486e-01
9.987541876746335312e-01 -1.160183008625421518e-03 4.988732025932087616e-02 5.248283064934369802e-02 8.029435331627205429e-04 9.999739374748389809e-01 7.180357491124070290e-03 -3.333355840488642745e-03 -4.989428107209108870e-02 -7.131347871087323487e-03 9.987290418213330412e-01 2.430384360927428933e-01
9.987354468660268880e-01 -7.836197539451037267e-03 4.965963236228784078e-02 6.891875901047798958e-02 7.422193264008433711e-03 9.999361701607246689e-01 8.515754305282863604e-03 -4.724111980724022414e-03 -4.972320128008007184e-02 -8.136408571144797611e-03 9.987298919154280474e-01 2.561311553037393107e-01
9.985011340800195034e-01 -4.866730427583888102e-03 5.451424048399929057e-02 6.587101387759825011e-02 4.639667281774700891e-03 9.999800544051554718e-01 4.291093370623574529e-03 -3.928252757038078191e-03 -5.453410202677862195e-02 -4.031734801410498219e-03 9.985037677200117034e-01 2.622161514644651970e-01
9.983407247594797695e-01 -3.829690454718819416e-04 5.758121134032462285e-02 6.010956830711575161e-02 2.023341041588417666e-04 9.999950117982775444e-01 3.142822505075085465e-03 -5.493192327230236871e-03 -5.758213440404832961e-02 -3.125955096265385560e-03 9.983358634682513166e-01 2.722697633979231924e-01
9.983135180241234918e-01 -2.961200577295840025e-04 5.805195231723707383e-02 6.350181196098411696e-02 3.682905323900331675e-05 9.999900033275377353e-01 4.467570266186517841e-03 -4.897617991777548918e-03 -5.805265292874647182e-02 -4.457894890865037561e-03 9.983035891968472519e-01 2.875749431372893739e-01
9.982288627269038095e-01 -3.666642289674694292e-03 5.937816818180104844e-02 6.900376656860537916e-02 3.434856751561007025e-03 9.999860346836995095e-01 4.005107850782558057e-03 -5.135492552333198457e-03 -5.939205591263605616e-02 -3.794066877208818189e-03 9.982275207944145690e-01 2.978814994589797926e-01
9.981337986965813647e-01 -4.927850350524632869e-03 6.086625452086589366e-02 7.325961222683108343e-02 4.744230095173725126e-03 9.999838275855962300e-01 3.160984038977142623e-03 -7.697154064432137899e-03 -6.088083356155640086e-02 -2.866319107946750482e-03 9.981409936496185020e-01 3.092472014504412670e-01
9.982172020606269180e-01 -3.928376345186826955e-03 5.955603915823927397e-02 7.261102234523447718e-02 3.793551630321760106e-03 9.999899156569831415e-01 2.376701169649754041e-03 -6.006511067924005798e-03 -5.956479089670860261e-02 -2.146520972028135785e-03 9.982220949249702713e-01 3.247036119252455499e-01
9.982903390964776857e-01 -4.150418596786871125e-03 5.830331950679538966e-02 7.048525845620479124e-02 4.124380028632733744e-03 9.999913366528725422e-01 5.670229899217566882e-04 -3.196284301163476727e-03 -5.830519087048673110e-02 -3.255991024272196304e-04 9.982987542458052754e-01 3.393888779897724639e-01
9.983108176699666547e-01 -2.564865205699586211e-03 5.804118653011456491e-02 6.683518911911956462e-02 2.547870730333255933e-03 9.999967361455947001e-01 3.668066411833574504e-04 -2.727356174261286181e-03 -5.804194641155689671e-02 -2.183027916222722890e-04 9.983140831035071106e-01 3.602670391306515008e-01
9.984041728149413153e-01 1.660268874705678015e-03 5.644720212133540888e-02 5.703935140619509347e-02 -1.767400820677170453e-03 9.999967317658323696e-01 1.848033242435010229e-03 -3.228934557513329917e-03 -5.644398340144592824e-02 -1.944855231662922027e-03 9.984038881036850777e-01 3.790438473763915184e-01
9.986044285290857081e-01 8.421107899945546628e-05 5.281382732400677349e-02 5.659301097900670818e-02 -1.451012570594243029e-04 9.999993004743885638e-01 1.149025199843137397e-03 -6.073895642266680106e-03 -5.281361487207548305e-02 -1.155081260389463757e-03 9.986037358816589604e-01 4.011516392867386926e-01
9.988079186262187603e-01 -1.067924151399066287e-03 4.880197713041127539e-02 5.717411570859920467e-02 1.030315096267816165e-03 9.999991959475511560e-01 7.958963879318960632e-04 -6.793661574851450613e-03 -4.880285588837385974e-02 -7.446601651951451767e-04 9.988081597377798104e-01 4.229320195503323276e-01
9.989532773467562077e-01 -1.355088486453801021e-03 4.572230646705408713e-02 5.237883686800604011e-02 1.256096504806946627e-03 9.999967401425401414e-01 2.193690210009110238e-03 -9.561157207831544325e-03 -4.572509431876677771e-02 -2.133965086622780817e-03 9.989517391726503437e-01 4.458042777411526103e-01
9.990753190379396687e-01 3.522732045167560220e-04 4.299226873826915429e-02 4.724769699513431398e-02 -3.543921280764924771e-04 9.999999523136900992e-01 4.171548648901851299e-05 -8.687781842573155666e-03 -4.299228283690010449e-02 -5.691840190363867829e-05 9.990754251401956498e-01 4.707025481369369047e-01
9.991632923626556639e-01 -9.660610771774967532e-04 4.088719970944182380e-02 4.546545714760430457e-02 1.015844048855828793e-03 9.999987594964500071e-01 -1.196725577943342101e-03 -8.154957709369470287e-03 -4.088597434272702585e-02 1.237265712373919165e-03 9.991630007825905713e-01 4.924504159684151006e-01
9.993027648478621794e-01 -3.342408062124196683e-03 3.718622278491029443e-02 4.559697802769457908e-02 3.457175258351587351e-03 9.999895138521286420e-01 -3.022535008647362579e-03 -7.402471415048378356e-03 -3.717565414991529094e-02 3.148984541855792945e-03 9.993038403347508369e-01 5.151271998860993406e-01
9.994802308410717373e-01 -3.706975257247088155e-03 3.202331141031365680e-02 4.180835417504802365e-02 3.812459761742235942e-03 9.999874674471492808e-01 -3.233501058617122177e-03 -5.229374779872258960e-03 -3.201099422050576043e-02 3.353903429373620085e-03 9.994818804264410383e-01 5.409025599569430298e-01
9.996184515907758916e-01 -2.666505285018516171e-03 2.749147586223880252e-02 3.410118593304733992e-02 2.750565178386569359e-03 9.999916854444440562e-01 -3.020215017938459451e-03 -4.705967543376737838e-03 -2.748328051168877698e-02 3.094688312695347866e-03 9.996174793283914006e-01 5.682353329108904560e-01
9.997548973226635383e-01 -2.183097963736647072e-03 2.203264238586955318e-02 2.581806187409396713e-02 2.216812819534098433e-03 9.999963602315056210e-01 -1.506135303352436946e-03 -4.321791197605548418e-03 -2.202920696393669345e-02 1.554606020840717650e-03 9.997561142464806982e-01 5.935128974418786285e-01
9.998719496965661202e-01 -1.670349425950490600e-03 1.591963605035388168e-02 2.055357718431283232e-02 1.669983489426389708e-03 9.999985784854774629e-01 3.634730735975348262e-05 -5.723813947885569853e-03 -1.591965758059973174e-02 -9.761250845801658585e-06 9.998732524025607526e-01 6.221130364007017022e-01
9.999247949328354812e-01 -1.873492059913907425e-03 1.211434870269112278e-02 1.517685746531904911e-02 1.860387061163899271e-03 9.999977212823046857e-01 1.093214704447034247e-03 -6.897338047552339924e-03 -1.211635610596932880e-02 -1.070588634943277348e-03 9.999260074275598820e-01 6.462650609794096113e-01
9.999336178749759219e-01 6.278804239693203029e-04 1.150571114465326512e-02 9.721232862843542932e-03 -6.541786132785826994e-04 9.999972132607510833e-01 2.282394958170062913e-03 -7.326873284230095429e-03 -1.150433077169707788e-02 -2.289776912352837254e-03 9.999312711780502516e-01 6.712724442530735303e-01
9.999377527109200026e-01 1.092629252136875090e-03 1.110608472930646115e-02 7.539462169179333983e-03 -1.116666707209226827e-03 9.999970388467048776e-01 2.157623989341186238e-03 -7.863727129580888597e-03 -1.110363340704166937e-02 -2.169891109719108112e-03 9.999359386142380179e-01 6.965757482326182526e-01
9.999447704253567881e-01 1.893977638101464547e-04 1.050688456089339702e-02 8.154182794851028149e-03 -2.087560471499371579e-04 9.999982961668825165e-01 1.841639590601771865e-03 -8.692240337336287759e-03 -1.050656235714524100e-02 -1.843726650056757297e-03 9.999431633114458373e-01 7.161116003982801459e-01
9.999436686051730305e-01 4.528188342622766253e-04 1.060931148448493455e-02 9.009972323300807773e-03 -4.754681641879481718e-04 9.999975292074319011e-01 2.132713684567936682e-03 -9.719406344493669581e-03 -1.060822906290316385e-02 -2.137643694951118188e-03 9.999414513019885264e-01 7.385689050914301390e-01
9.999402745662147041e-01 -4.734980526446619441e-04 1.091692363721743879e-02 9.834769443560542612e-03 4.559011705312788609e-04 9.999986226599097972e-01 1.614405310788651505e-03 -9.206867090586184910e-03 -1.091778417483387116e-02 -1.609328300902527218e-03 9.999390352329342591e-01 7.569141820481242178e-01
9.999445237054859215e-01 -5.788643522459024828e-04 1.051998992246673537e-02 9.210285246535665493e-03 5.680543910199036504e-04 9.999993410730939614e-01 1.030455300646042566e-03 -8.836316883924888455e-03 -1.052054722138810045e-02 -1.024426309535528658e-03 9.999442026661783389e-01 7.737220733312160093e-01
9.999405771337014359e-01 7.478575028377839901e-04 1.087086726518616230e-02 8.187101070763258548e-03 -7.855425864154091465e-04 9.999937263397904452e-01 3.462328046160044730e-03 -8.082498001377003138e-03 -1.086819130250750963e-02 -3.470659497063957773e-03 9.999349226473303043e-01 7.917734175749515657e-01
9.999316384662088053e-01 1.081649331447271387e-03 1.163860871496600995e-02 6.897598428269979820e-03 -1.121633141072617915e-03 9.999934799823689824e-01 3.429354111945864380e-03 -8.732942282225930608e-03 -1.163488338142307232e-02 -3.442169994982317155e-03 9.999263541660703414e-01 7.994264149548051535e-01
9.999227017485662339e-01 1.810264292621517959e-04 1.243479762032305772e-02 9.114203827429001592e-03 -2.398075197676821039e-04 9.999888084835794055e-01 4.725654591925677883e-03 -1.125089334924661566e-02 -1.243377184525743667e-02 -4.728273129736360395e-03 9.999115180863402674e-01 8.052797909221833805e-01
9.999134336170233395e-01 8.334975703537658701e-06 1.315585908416807247e-02 1.084405264714671802e-02 -4.075928096507125734e-05 9.999969637589158911e-01 2.464198114400913565e-03 -1.478472965366617320e-02 -1.315574355145544654e-02 -2.464521248292023993e-03 9.999104052733553960e-01 8.094872671244495166e-01
9.998981749850103240e-01 -5.359304120441313454e-04 1.426364832253871305e-02 1.172485249374144445e-02 5.280401019051879754e-04 9.999996688576597847e-01 5.572883344212557375e-04 -1.696110105531734025e-02 -1.426399597058298184e-02 -5.497005749067034866e-04 9.998981458745442863e-01 8.099122029160312763e-01
9.998934751346447714e-01 3.101181844410725642e-04 1.458870207447353004e-02 1.182512815117675586e-02 -2.961618218071763184e-04 9.999995134553895104e-01 -9.586691650198149710e-04 -1.613966817832268585e-02 -1.458896512459348371e-02 9.542528019672625065e-04 9.998931174549382517e-01 8.159762054728112446e-01
9.998626934029610780e-01 -5.341623049605919620e-04 1.656235914943479312e-02 1.559710408384606950e-02 5.526153616725328586e-04 9.999992506140941151e-01 -1.109804370521654633e-03 -1.702562754943437451e-02 -1.656174700944669162e-02 1.118811759679576995e-03 9.998621960956186605e-01 8.197715442077857517e-01
9.997889111712159327e-01 1.057158455964794666e-03 2.052048847027154038e-02 1.823673103607337254e-02 -1.026314018844265950e-03 9.999982435016652182e-01 -1.513364521843849715e-03 -1.843716653247562398e-02 -2.052204435936339638e-02 1.491971163925582449e-03 9.997882958672079656e-01 8.222281074006758672e-01
9.996696699304434830e-01 2.772173920721175255e-03 2.555182853441177737e-02 2.037021543454020645e-02 -2.747805788300430440e-03 9.999957332706476132e-01 -9.886682023879354592e-04 -1.660157448431132110e-02 -2.555446405258693029e-02 9.181251912422560765e-04 9.996729857929098628e-01 8.275031598234861008e-01
9.995417636831441799e-01 2.325625639161615563e-03 3.018002770867366652e-02 2.375085652479214104e-02 -2.322774573086949530e-03 9.999973233836874087e-01 -1.299713230431960543e-04 -1.531536158010315951e-02 -3.018025455810894805e-02 5.981566098871548545e-05 9.995444934861891229e-01 8.286365015598704531e-01
9.994519993810666580e-01 1.118246459251535712e-03 3.308169712518469613e-02 2.953818014282383331e-02 -1.106054943194885454e-03 9.999993159939484233e-01 -3.864963051934339005e-04 -1.609925875192397271e-02 -3.308211525064347347e-02 3.496956348967907046e-04 9.994525188420568806e-01 8.348731108407889678e-01
9.994116710938618642e-01 -2.881110682232432101e-04 3.429615684087065214e-02 3.305098715213716787e-02 2.993491870835129844e-04 9.999999161759310917e-01 -3.226211474412879520e-04 -1.812939927850421018e-02 -3.429605357924703224e-02 3.326925825422417048e-04 9.994117386302848738e-01 8.363582502881961034e-01
9.994229727867847135e-01 -1.232896505448690750e-03 3.394569206317765014e-02 3.420839761634297815e-02 1.269594565678965449e-03 9.999986569493672928e-01 -1.059441069696481384e-03 -1.811103101719591102e-02 -3.394433921643914831e-02 1.101937929171703870e-03 9.994230473839983420e-01 8.378647495161644088e-01
9.994594811264617684e-01 -1.463122153831214716e-04 3.287384456614251410e-02 3.173346388013165154e-02 2.168829661179996217e-04 9.999976955033549331e-01 -2.143384464122629566e-03 -1.832561197147453136e-02 -3.287345847268875049e-02 2.149349784175828056e-03 9.994572747791290457e-01 8.402664390663119320e-01
9.994704871256880896e-01 9.129470366101821157e-04 3.252551826206599023e-02 2.981781736366251323e-02 -8.254123398263667850e-04 9.999959849308172055e-01 -2.704309144621814317e-03 -1.791284574012419473e-02 -3.252786044284220607e-02 2.676027323327392297e-03 9.994672220707527810e-01 8.408015243490325474e-01
9.994656260597019060e-01 -3.758615492376078150e-03 3.247118980304474628e-02 3.483681056850862490e-02 3.884866652628654084e-03 9.999851543850298841e-01 -3.826055668018763650e-03 -1.743587177608429961e-02 -3.245633619726701752e-02 3.950165463357064796e-03 9.994653841074765399e-01 8.417287129896990905e-01
9.994755799846568589e-01 -6.762654203254311706e-03 3.166678924570474202e-02 4.013137456459858754e-02 6.911739102447037909e-03 9.999654817213851077e-01 -4.600510412780057026e-03 -1.628324391136293237e-02 -3.163461510948149813e-02 4.816960854770715485e-03 9.994878589160008930e-01 8.431351001735230000e-01
9.995046218645917691e-01 -7.080782798617437680e-03 3.066449468129455250e-02 3.922464683554771625e-02 7.256149257848554940e-03 9.999578924419213477e-01 -5.611608355785680131e-03 -1.764318287630006754e-02 -3.062340772493302860e-02 5.831329075646507834e-03 9.995140113719294117e-01 8.403186040580692406e-01
9.995488550030550146e-01 -7.074402520427351855e-03 2.919004056297462568e-02 3.899241067014536100e-02 7.191133170362817330e-03 9.999665801861816750e-01 -3.895958106787157389e-03 -1.695054731918080315e-02 -2.916153968956180717e-02 4.104113020661387043e-03 9.995662536421575650e-01 8.434653031760710462e-01
9.995517965807833027e-01 -8.964605828400669732e-03 2.856217571934738936e-02 4.424894212974805896e-02 9.079763071969478364e-03 9.999511556692409764e-01 -3.904481670816026002e-03 -1.953497268847141644e-02 -2.852570787671423330e-02 4.162064822976692044e-03 9.995844503086847022e-01 8.502013199456825987e-01
9.996104422671898693e-01 -6.646745433623556243e-03 2.710702458038583701e-02 3.947886427379110330e-02 6.858635171147521581e-03 9.999465825543596420e-01 -7.731173880201057912e-03 -2.444523097941253553e-02 -2.705428044105250007e-02 7.914078157415443265e-03 9.996025612204659794e-01 8.433137546057523082e-01
9.996350307989786410e-01 -4.877146039544969468e-03 2.657399672949075503e-02 3.700392133174545961e-02 5.266120599350559636e-03 9.998797503213545657e-01 -1.458724111481598563e-02 -2.520102463328932618e-02 -2.649966766845988572e-02 1.472185821959821894e-02 9.995403902958307496e-01 8.343535796100383095e-01
9.996575099869409176e-01 -1.129213548047531624e-03 2.614401324040785055e-02 3.040945263820127309e-02 1.604320128289425749e-03 9.998338505535117049e-01 -1.815871595900233823e-02 -2.071143895389848666e-02 -2.611913167694368196e-02 1.819444363535199435e-02 9.994932494534716216e-01 8.292669040598141805e-01
9.996438651386490015e-01 7.349597053874581693e-04 2.667605712280281954e-02 2.661832800494678963e-02 -2.884410497362604239e-04 9.998598432890974941e-01 -1.673851423673649447e-02 -1.488838699145422773e-02 -2.668468887670390546e-02 1.672484309678944764e-02 9.995039774582897829e-01 8.255492596117051107e-01
9.996399251892085225e-01 -2.414039151396824099e-03 2.672257460810999186e-02 3.001818694588820335e-02 2.693251492710519758e-03 9.999421150881940834e-01 -1.041760653194228822e-02 -1.560929404107191942e-02 -2.669578311887977479e-02 1.048583357909066427e-02 9.995886622638783248e-01 8.322823596107973287e-01
9.996680291547949126e-01 -1.883923363973618844e-03 2.569834473373510189e-02 3.011485218068443714e-02 1.978038815120851997e-03 9.999914056364366255e-01 -3.637332617682255669e-03 -1.415463128825855676e-02 -2.569125484871721127e-02 3.686960716982934372e-03 9.996631187983519018e-01 8.330222820127453076e-01
9.996887283402166036e-01 -2.341029114376844914e-03 2.483917407163457880e-02 2.841503729707284265e-02 2.306716790747294354e-03 9.999964168699810863e-01 1.410136276309529712e-03 -1.417472175156264669e-02 -2.484244731950810067e-02 -1.352404479198774821e-03 9.996905086467507973e-01 8.337682024949799597e-01
9.997386169601277794e-01 -2.799594359666100155e-03 2.269054856749860849e-02 2.768131876866419816e-02 2.669254237235490178e-03 9.999797417946132416e-01 5.772447737563257859e-03 -1.558370765897221233e-02 -2.270618492545369363e-02 -5.710368673137374354e-03 9.997258864169579207e-01 8.338589386649353230e-01
9.997728097813342041e-01 -6.055965815806441457e-03 2.043664395919952276e-02 3.010948623419551495e-02 5.936897688953395209e-03 9.999650988449549915e-01 5.881832109536988019e-03 -1.901647093388048049e-02 -2.047155286249442707e-02 -5.759163315332312648e-03 9.997738031788766522e-01 8.283672724923150099e-01
9.998669644127536893e-01 -3.621421229347237050e-03 1.589902488661748894e-02 2.377523949057191999e-02 3.621774414053315419e-03 9.999934104227164999e-01 6.543051522246288585e-06 -2.373701843351394558e-02 -1.589896405601465973e-02 5.104172519593670959e-05 9.998736085427396558e-01 8.218396454166345677e-01
9.999131370112733785e-01 -2.631038114449360185e-03 1.291815674512954495e-02 1.677320991269226624e-02 2.658660199713949127e-03 9.999942607288611063e-01 -2.121034007897976050e-03 -2.010490771569894974e-02 -1.291254143713970078e-02 2.155193423220403727e-03 9.999142567374624813e-01 8.116736177187320322e-01
9.999327912881171843e-01 -1.637801497395881788e-03 1.147995606094927984e-02 1.436099914036148562e-02 1.669625083742115991e-03 9.999947880119826049e-01 -2.762921541332977789e-03 -1.829910674504287016e-02 -1.147536518885072104e-02 2.781899158950545004e-03 9.999303152309355625e-01 8.038598513256438594e-01
9.999106048178619810e-01 6.041466814388370653e-03 1.192398737442441903e-02 4.081946632737754044e-03 -5.999552418801446657e-03 9.999757023592418248e-01 -3.547861364543983785e-03 -2.066681671237269313e-02 -1.194514296240721529e-02 3.476002325785758351e-03 9.999225629024444117e-01 8.003156298537206226e-01
9.999070524310804675e-01 2.743712754820941142e-03 1.335871144764719937e-02 3.147814569036455623e-03 -2.762590487668962168e-03 9.999951304590892764e-01 1.394985957880104724e-03 -1.725261469371330847e-02 -1.335478268767892329e-02 -1.431756173788560323e-03 9.999098389928110509e-01 8.032989911933263727e-01
9.999432637048584205e-01 -2.323639676102931192e-03 1.039117289720445370e-02 1.527028827347365336e-02 2.333595717131636132e-03 9.999969045118810573e-01 -9.459467949434020384e-04 -1.674072431121764737e-02 -1.038896035446303101e-02 9.701493713847673516e-04 9.999456288207808630e-01 8.042271717441593637e-01
9.999572677933729059e-01 -3.389052833865350937e-03 8.600084507268145051e-03 1.360967889603159620e-02 3.404869673047673188e-03 9.999925195443184478e-01 -1.825146218950995502e-03 -1.836805106062611159e-02 -8.593875547669480031e-03 1.854346309665598708e-03 9.999613113654871599e-01 8.099545209160439185e-01
9.999884182268230504e-01 -6.685054649623839267e-04 4.770100541237350285e-03 4.396266570768858628e-03 6.855863471725932639e-04 9.999933671128055090e-01 -3.580928660244578777e-03 -1.607004637634634747e-02 -4.767660134713539756e-03 3.584155636164065330e-03 9.999822313804445084e-01 8.226536994895710109e-01
9.999999400113837034e-01 6.117017635728844497e-05 -1.875462664805685920e-04 -6.981059556530055943e-04 -6.159404503936976943e-05 9.999973041668942519e-01 -2.308381731244246553e-03 -1.055979166572207362e-02 1.873902549154830160e-04 2.308392298141976641e-03 9.999973085591823407e-01 8.387293340016697130e-01
9.999912357033593491e-01 -2.104785087346977383e-03 -3.621172136396981142e-03 -3.449754914495173352e-03 2.107019836806818189e-03 9.999975891730772393e-01 6.170994893049151298e-04 -1.237314420986557195e-02 3.619882200212474251e-03 -6.247305754535192445e-04 9.999932557788877574e-01 8.580538565109634419e-01
9.999764414685002878e-01 1.431599913795607521e-03 -6.716450706672564760e-03 -1.203048260932604308e-02 -1.423513998699623383e-03 9.999983010728062949e-01 1.208649769927134209e-03 -1.262687523798255995e-02 6.718143352014357972e-03 -1.199058349973751393e-03 9.999766671190424283e-01 8.761241081612070047e-01
9.999660379711197145e-01 1.761446605656086977e-03 -8.050532395600811658e-03 -1.810808497529592387e-02 -1.760277998864308953e-03 9.999983494911607318e-01 1.526414080550015089e-04 -1.239498709315656200e-02 8.050797595761216563e-03 -1.384588756696730522e-04 9.999675839729659232e-01 8.916169550819219580e-01
9.999649795303257038e-01 1.384906384776008565e-03 -8.259564766962624108e-03 -1.763924612203737752e-02 -1.386330590959199398e-03 9.999990684157544774e-01 -1.684551693981771524e-04 -1.221663169336295596e-02 8.259391943142515083e-03 1.798900892357914590e-04 9.999658578382165652e-01 9.083382677010263251e-01
9.999695973787671166e-01 2.480637801627556382e-03 -7.384775306732201811e-03 -1.733672828432375468e-02 -2.478096516397954290e-03 9.999968377661889729e-01 3.547687453158559503e-04 -1.221025248404128405e-02 7.385617009910470585e-03 -3.364538414355462519e-04 9.999726726668739518e-01 9.246283171392093436e-01
9.999775460958811868e-01 3.978292968071277247e-03 -5.402584492067986389e-03 -1.860031724526223229e-02 -3.978584851246233511e-03 9.999921456059637226e-01 -4.267296394250189690e-05 -1.408943438541676585e-02 5.402306842716175436e-03 6.416383539686743433e-05 9.999854521307981470e-01 9.423888302104614922e-01
9.999877197319197997e-01 4.529975427029903079e-03 -1.993221910282573159e-03 -1.780383787850325916e-02 -4.528100402562149594e-03 9.999893161076388592e-01 9.428854961262898675e-04 -1.615828152280096575e-02 1.997513877238972675e-03 -9.338453596577960458e-04 9.999975134258305420e-01 9.609064289148179228e-01
9.999946984199504785e-01 3.243504306326415541e-03 3.620613819187329147e-04 -1.354122766350229767e-02 -3.243939427123910396e-03 9.999939275389080340e-01 1.209663752007019951e-03 -1.655633827291325133e-02 -3.580803795859241489e-04 -1.210819669627027787e-03 9.999992988450024933e-01 9.764312436093547376e-01
9.999981092761671686e-01 1.580644083339394603e-03 1.161786811954767899e-03 -1.015383513043843777e-02 -1.581581409703456580e-03 9.999984652700438792e-01 8.056992469761011357e-04 -1.747397094043146026e-02 -1.160507054030560049e-03 -8.075470505661582876e-04 9.999989354693965549e-01 9.902637348407665741e-01
9.999998066048154666e-01 9.125109418714016755e-05 5.043475605136036721e-04 -9.317142191502369997e-03 -9.158362216962424504e-05 9.999998074449047980e-01 6.573413340295460820e-04 -1.560621354805524774e-02 -5.043127588432659266e-04 -6.573882731177289147e-04 9.999996739798471257e-01 1.001056356570124706e+00
9.999999736987716936e-01 6.862887880996927507e-05 2.273091323121905838e-04 -8.207842507719220748e-03 -6.883683787678046573e-05 9.999995410955442310e-01 8.914487878537284173e-04 -1.443866443746033568e-02 -2.273525432660818883e-04 -8.914614035250654350e-04 9.999995842787198219e-01 1.017164165486235561e+00
9.999999714118413818e-01 -1.856966111603796071e-04 3.464604081791624669e-05 -9.124414615140352680e-03 1.856756506207195452e-04 9.999997126759755384e-01 7.317149573453675393e-04 -1.617530227124164277e-02 -3.471520583465728389e-05 -7.317098267530034979e-04 9.999996947145085580e-01 1.028763417495873966e+00
1.000000010232310554e+00 3.210502686070356728e-04 7.885731007779619712e-05 -8.344756527524310741e-03 -3.210830877494023645e-04 9.999998461927835924e-01 4.095704650014190943e-04 -1.748130090197408393e-02 -7.877948492254692697e-05 -4.095929757245827998e-04 9.999999601187578024e-01 1.034612354565503267e+00
9.999985747515623968e-01 1.653306572997921683e-03 2.094294882348207807e-04 -1.161179552871161036e-02 -1.653472231023770224e-03 9.999983403024467199e-01 8.178270639405802898e-04 -1.924027771720093760e-02 -2.080071746746536365e-04 -8.181715687887373793e-04 9.999995803722746546e-01 1.041025905606907997e+00
9.999998432938477233e-01 5.050058503212813714e-04 -5.585127836909527580e-05 -9.915859781539637652e-03 -5.049659461437252302e-04 9.999994689089484190e-01 8.669482567901553097e-04 -2.112881685302547830e-02 5.625417067083807193e-05 -8.669106869797617385e-04 9.999997075317272888e-01 1.038463081326874260e+00
9.999991337919177381e-01 1.172580359080857169e-03 -6.604867309404596938e-04 -1.100101729648628179e-02 -1.172542969746700201e-03 9.999993660284901553e-01 4.243293077303917829e-05 -2.409509671963028232e-02 6.605805823160866477e-04 -4.167220083358719087e-05 9.999997259606774325e-01 1.036597500724681709e+00
9.999989460449695278e-01 4.592190654124046279e-04 -1.354864097179350182e-03 -1.112117271878787506e-02 -4.572952671697735872e-04 9.999988318689909672e-01 1.422835728209182089e-03 -2.273123023053802427e-02 1.355520280547566113e-03 -1.422215528902928509e-03 9.999980802879799846e-01 1.034541966266090185e+00
9.999971927978543729e-01 -4.890322809374119273e-04 -2.346118585495092414e-03 -1.107115819495518849e-02 4.956771615105840184e-04 9.999958773602247719e-01 2.832066688766718843e-03 -2.342570802886378978e-02 2.344698154214764317e-03 -2.833207462411365188e-03 9.999932190931996034e-01 1.034103947644453569e+00
9.999960060484440749e-01 -3.947105793675416202e-04 -2.774225818908560275e-03 -1.145112383573732018e-02 4.002577001792312177e-04 9.999979753098360291e-01 1.998683066850341465e-03 -2.471494791670392210e-02 2.773453807065459110e-03 -1.999789553715623346e-03 9.999941550933540979e-01 1.031477227260168661e+00
9.999964322993810661e-01 -3.177898812318072689e-04 -2.663562743440232080e-03 -1.091261303603374699e-02 3.195213097004412015e-04 9.999997227509334063e-01 6.497190952133402413e-04 -2.516262397715318677e-02 2.663311320737143679e-03 -6.505722677771654363e-04 9.999962353384915792e-01 1.026730614791325991e+00
9.999966191259946902e-01 -7.062342107081546203e-04 -2.481126729563939374e-03 -9.276107267496058739e-03 7.056842659019792966e-04 9.999997381999929935e-01 -2.218505312671714214e-04 -2.575599211011203593e-02 2.481311324147278397e-03 2.201004483258169921e-04 9.999969095071165048e-01 1.025190352064697663e+00
9.999994959415261508e-01 1.304338398439815801e-04 -1.019820609514393876e-03 -8.765593454203468582e-03 -1.309045144898443288e-04 9.999998680203474599e-01 -4.583958586139464395e-04 -2.548915133115992049e-02 1.019697046198193889e-03 4.585246422781647652e-04 9.999993521331550506e-01 1.023122878488983645e+00
9.999997091467091037e-01 6.134552047795574069e-04 5.832732800640604140e-04 -8.727557703828381364e-03 -6.123310242937473821e-04 9.999980042769045507e-01 -1.920063091077184271e-03 -2.744405769574509435e-02 -5.843868246514603978e-04 1.919705105712246748e-03 9.999980023208696611e-01 1.014963778053420640e+00
9.999937754129982759e-01 1.411327931992600697e-03 3.220554267107437769e-03 -7.625169941494647219e-03 -1.402436242426409636e-03 9.999951915650724388e-01 -2.760716055353681139e-03 -2.590451685250561020e-02 -3.224491855254451363e-03 2.756177638525203043e-03 9.999910338995757764e-01 1.011190087678770055e+00
9.999866322742250180e-01 1.255095985441738102e-03 5.025931816614887665e-03 -4.889142873647500664e-03 -1.247879477770150397e-03 9.999981713102980008e-01 -1.439730692706709661e-03 -2.364791884979067227e-02 -5.027700738098625152e-03 1.433446157626972134e-03 9.999863190629797449e-01 1.005761135956554142e+00
9.999800377829046738e-01 -4.024410643671884097e-04 6.307875748259895998e-03 -1.182980884010476075e-03 3.923130794137229759e-04 9.999986550168558086e-01 1.606080406586167042e-03 -2.152136982264996057e-02 -6.308493951516896611e-03 -1.603566591126522577e-03 9.999788618146753238e-01 1.007316440431914373e+00
9.999784600564661785e-01 -1.266137009473829568e-03 6.427831413039170744e-03 4.844236067910401289e-03 1.241803450833926705e-03 9.999920524506901165e-01 3.788852351117526218e-03 -2.664537257400678705e-02 -6.432632501517062881e-03 -3.780792908428120321e-03 9.999720947692640749e-01 1.002646802137249438e+00
9.999785398828590077e-01 2.669746271043498161e-03 5.987817076019360391e-03 -2.559292334701979144e-03 -2.675334971960704328e-03 9.999959751331688462e-01 9.256756433002240065e-04 -2.841313408527712525e-02 -5.985295128163601978e-03 -9.416780432104490456e-04 9.999816322615681097e-01 9.953127063207318770e-01
9.999810427433906135e-01 -1.994603992901792210e-03 5.811496829185488697e-03 2.413712198279682752e-03 2.006898152925345579e-03 9.999956909876970279e-01 -2.109613694313709591e-03 -2.878097694047132560e-02 -5.807224236076077677e-03 2.121235877062983832e-03 9.999808784588382071e-01 9.879022146165112872e-01
9.999842024131764262e-01 -1.676665978921644247e-04 5.633451234078709798e-03 1.421730431705015008e-03 1.834936125378840350e-04 9.999960729727307429e-01 -2.808910131315675747e-03 -2.710184959652339742e-02 -5.632959759654597789e-03 2.809896024195500299e-03 9.999802364584327030e-01 9.820220913992088185e-01
9.999821223262129744e-01 1.820722582229519684e-03 5.700329140007649210e-03 -2.312915149012439997e-03 -1.814656239216444174e-03 9.999977796829279120e-01 -1.070302527737023108e-03 -2.596886295427247582e-02 -5.702271110731842174e-03 1.059947648089296307e-03 9.999831750484641235e-01 9.812413810795561631e-01
9.999895144480903664e-01 1.101196800463695577e-03 4.431060523515428611e-03 -1.138149386143538777e-03 -1.095877969816530994e-03 9.999987316564259432e-01 -1.202471265801120792e-03 -2.497827770068039577e-02 -4.432411520377154378e-03 1.197601530892655102e-03 9.999894606457918611e-01 9.760738432961204580e-01
9.999922928786769694e-01 -5.953712529709464119e-04 3.885911355688755498e-03 3.030191490687172973e-04 5.899166235307350820e-04 9.999987738940415705e-01 1.402508482986503449e-03 -2.118693239383073745e-02 -3.886772228325717851e-03 -1.400204278143328627e-03 9.999914134627430062e-01 9.739577558501082422e-01
9.999948693778882847e-01 -1.108489165297257915e-03 2.997081150868656507e-03 1.155448595515196075e-03 1.085559365979375324e-03 9.999702531641969649e-01 7.643347698389583132e-03 -1.762874759610788544e-02 -3.005413801611678259e-03 -7.640055863268369746e-03 9.999663474114628414e-01 9.787738045261988873e-01
9.999968078905926427e-01 3.317216108050387541e-04 2.522621219138838217e-03 -1.678840063519260184e-03 -3.581907244972027207e-04 9.999447397892762268e-01 1.050194854838374867e-02 -2.254328123680737761e-02 -2.518971736590673496e-03 -1.050281379995963993e-02 9.999416325070074052e-01 9.757919501708727239e-01
9.999975412563327781e-01 6.399602811389098599e-04 2.094881441235393101e-03 -3.098712050682905783e-03 -6.506047956749198792e-04 9.999868595759195955e-01 5.082415612131150305e-03 -2.502101139468609903e-02 -2.091627084896072793e-03 -5.083767868245317109e-03 9.999849409597455496e-01 9.686302815866980609e-01
9.999984485665026623e-01 -1.205527584047716080e-03 1.300037923888555701e-03 -1.157879518967064314e-03 1.216114508197356286e-03 9.999659068209352242e-01 -8.174670821001459725e-03 -2.894826825972507400e-02 -1.290135295980491615e-03 8.176234216091470344e-03 9.999657861910233869e-01 9.524461708478639821e-01
9.999976812452783248e-01 -1.725636546693919962e-03 1.264323991981441356e-03 2.165173456578628475e-03 1.733217740074647403e-03 9.999804166305060749e-01 -6.015498552583859078e-03 -2.510045663170894226e-02 -1.253925635402648384e-03 6.017671652796197784e-03 9.999810745270883983e-01 9.483057900576170596e-01
9.999844807570890115e-01 -5.536633949208403724e-03 7.188088683311781536e-04 4.177853920392493592e-03 5.537959211196649863e-03 9.999829243297746473e-01 -1.863438359887604773e-03 -1.968804497214582394e-02 -7.085056013910731240e-04 1.867395478076238529e-03 9.999979271939199998e-01 9.511146092233815352e-01
9.999934136289285735e-01 -3.624210538112343418e-03 -1.810856548970670961e-04 2.444359332827161779e-03 3.624555742846624282e-03 9.999915364283399333e-01 1.913669366931400849e-03 -2.470605811045256672e-02 1.741412819310493869e-04 -1.914315515077515345e-03 9.999981478824625514e-01 9.517294313179860410e-01
9.999994701018112275e-01 7.843782672876874976e-04 -6.704667651988100103e-04 -4.719503166587202259e-03 -7.824504279885713051e-04 9.999956169973667208e-01 2.876321838154536053e-03 -2.290941552227654388e-02 6.726747122181714333e-04 -2.875793733034594148e-03 9.999956945074827130e-01 9.504743413568235155e-01
9.999990928843748295e-01 9.369306136041078347e-04 -8.807675830007904039e-04 -5.133859124345718783e-03 -9.330621562312033405e-04 9.999899952258256564e-01 4.378229097849488903e-03 -1.960597205375014251e-02 8.849307584578995937e-04 -4.377400742759459881e-03 9.999900243414719947e-01 9.490763087613913740e-01
9.999950941950720429e-01 2.980718235456187356e-03 -9.866547988300051857e-04 -8.848284488429669636e-03 -2.974763815326496048e-03 9.999777204619171300e-01 5.977321556801965495e-03 -2.449792175348602247e-02 1.004512057093531448e-03 -5.974357509163796646e-03 9.999816451940710671e-01 9.489821644350513452e-01
9.999640680086840927e-01 8.458107613988472342e-03 -6.678311813457892118e-04 -1.752922218387809039e-02 -8.456414060233442137e-03 9.999610071076909801e-01 2.510294927326339135e-03 -2.528243907209604124e-02 6.890361206547166535e-04 -2.504562117195658234e-03 9.999966218160645237e-01 9.407423160813550567e-01
9.999719534426108059e-01 7.270858753196564848e-03 -1.787821147668709710e-03 -1.787426524397517369e-02 -7.270246314881630492e-03 9.999735469031304502e-01 3.497091244711767149e-04 -2.014097266974701483e-02 1.790300154442906909e-03 -3.366987434420268201e-04 9.999983395452319845e-01 9.402987184018485323e-01
9.999947259449170067e-01 -2.244214941875414485e-03 -2.360195564458944691e-03 -4.120131657110448486e-03 2.248552069658944861e-03 9.999957538217991715e-01 1.836688763030142491e-03 -2.124766353139340147e-02 2.356029325069446990e-03 -1.841985434620194411e-03 9.999954944066565821e-01 9.376656053547662850e-01
9.999843680123061684e-01 -4.214360686508224728e-03 -3.663725695603375302e-03 -1.010509025661576743e-03 4.213386749470167739e-03 9.999911037251626444e-01 -2.727340600873124125e-04 -2.525751236205908690e-02 3.664827579174490760e-03 2.572928457103495722e-04 9.999933196695396376e-01 9.338199451895263792e-01
9.999794362803998693e-01 -2.469980993579042484e-03 -5.922655664879310222e-03 -6.104079425188757568e-03 2.447530822974738982e-03 9.999898044916499806e-01 -3.795287618300370158e-03 -2.125668617992926279e-02 5.931987041436222186e-03 3.780713475250673233e-03 9.999752220043490736e-01 9.304139518445708745e-01
9.999426519265820490e-01 -5.831953461613989184e-03 -8.980131636157462349e-03 -4.822183892670750538e-03 5.836612848352688149e-03 9.999828406355680821e-01 4.929977032563009681e-04 -1.494552605873389339e-02 8.977173223140002753e-03 -5.453818337554734632e-04 9.999595737793482986e-01 9.315374788470336398e-01
9.999318445603663230e-01 -6.912269264924607824e-03 -9.407583394100886218e-03 -2.993147365561554807e-03 6.933292918169567907e-03 9.999735902080143513e-01 2.203556765758744353e-03 -1.977933233860840190e-02 9.392083771926552915e-03 -2.268631992169620019e-03 9.999533402551288308e-01 9.342216415706303678e-01
9.999336526889284205e-01 1.282996008854662019e-03 -1.144839625012141621e-02 -1.595568943006853146e-02 -1.296802652729826030e-03 9.999984267699927321e-01 -1.199142656727775072e-03 -1.415287117072416834e-02 1.144684171815061463e-02 1.213910229823519059e-03 9.999337215676532553e-01 9.280682293398854199e-01
9.999185585844063695e-01 2.119234892842791242e-03 -1.258389418030610510e-02 -2.202294725691444910e-02 -2.104501915859109847e-03 9.999970227068950557e-01 1.184317860448961266e-03 -1.152930161611176452e-02 1.258629531714808292e-02 -1.157736472641396645e-03 9.999200915864482342e-01 9.304129491957695564e-01
9.999115163955190067e-01 2.091859876538094010e-04 -1.330386798917737416e-02 -1.621093434379972109e-02 -1.551303042751113871e-04 9.999917808434786171e-01 4.063929504699007392e-03 -1.210543238811434552e-02 1.330463849037665652e-02 -4.061514172525568928e-03 9.999032131101746046e-01 9.293504771010105969e-01
9.999185242850919808e-01 2.911517024187022687e-04 -1.275494523844412920e-02 -1.754282092134218374e-02 -2.715202019421064585e-04 9.999987780394079540e-01 1.540381701026890572e-03 -1.608138562595806675e-02 1.275534926359778165e-02 -1.536791424999698653e-03 9.999175034014008423e-01 9.225680703642780145e-01
9.999096890906867818e-01 -7.555894933707280395e-04 -1.342610909236097508e-02 -1.822000750623686827e-02 7.705842296244690094e-04 9.999991057328865285e-01 1.111555911850031645e-03 -1.186242712378238195e-02 1.342525969228043105e-02 -1.121796618790931463e-03 9.999092631499989503e-01 9.266596288528035075e-01
9.999062058710619372e-01 -2.339867255678009395e-03 -1.349114236269424727e-02 -1.380458386373106805e-02 2.338268330130310792e-03 9.999971910442022605e-01 -1.339521606364877076e-04 -1.808138377329782109e-02 1.349139901643164711e-02 1.023923573022011095e-04 9.999089511520204976e-01 9.201710608408575354e-01
9.999071613137759940e-01 7.153140473660688468e-04 -1.360682350433935553e-02 -1.809333158945136688e-02 -7.574403504904086808e-04 9.999949499109384021e-01 -3.090502239556377085e-03 -2.504090597500563398e-02 1.360465355507851914e-02 3.100521649403435720e-03 9.999027003490648102e-01 9.160112584780506495e-01
