9.990498000009974122e-01 -1.649780009103591358e-03 4.355193997677668516e-02 5.154655997693421976e-02 1.760423001383108364e-03 9.999952999993985125e-01 -2.502237239403140145e-03 -2.424883023987686390e-02 -4.354760437842758458e-02 2.576529018455413992e-03 9.990480999043953592e-01 1.000725100077112240e+00 9.989718290430488201e-01 -3.928492837544100488e-03 4.516666243852904966e-02 5.145321163474027293e-02 4.138659750313884202e-03 9.999809834138372322e-01 -4.560594500360505045e-03 -2.386038258219226951e-02 -4.514788854432694176e-02 4.742833739813796280e-03 9.989690688066994451e-01 9.981864143130847467e-01
9.989718290430488201e-01 -3.928492837544100488e-03 4.516666243852904966e-02 5.145321163474027293e-02 4.138659750313884202e-03 9.999809834138372322e-01 -4.560594500360505045e-03 -2.386038258219226951e-02 -4.514788854432694176e-02 4.742833739813796280e-03 9.989690688066994451e-01 9.981864143130847467e-01 9.989462869491118058e-01 -9.195487555444340497e-04 4.588550723229586209e-02 5.292443885313748153e-02 1.124052384142206493e-03 9.999895866018382318e-01 -4.431193827594469455e-03 -2.185375381685484425e-02 -4.588101675954845554e-02 4.478099589166433664e-03 9.989368822752789923e-01 9.998445289243935719e-01
9.989462869491118058e-01 -9.195487555444340497e-04 4.588550723229586209e-02 5.292443885313748153e-02 1.124052384142206493e-03 9.999895866018382318e-01 -4.431193827594469455e-03 -2.185375381685484425e-02 -4.588101675954845554e-02 4.478099589166433664e-03 9.989368822752789923e-01 9.998445289243935719e-01 9.989170715867249362e-01 1.928911185083494705e-03 4.648416313965249985e-02 4.485486007732496228e-02 -1.784752611418192678e-03 9.999934435742604544e-01 -3.142569566879312593e-03 -2.055342028417900258e-02 -4.648995218522129075e-02 3.056204798533750707e-03 9.989140193714893812e-01 9.924698288399076418e-01
9.989170715867249362e-01 1.928911185083494705e-03 4.648416313965249985e-02 4.485486007732496228e-02 -1.784752611418192678e-03 9.999934435742604544e-01 -3.142569566879312593e-03 -2.055342028417900258e-02 -4.648995218522129075e-02 3.056204798533750707e-03 9.989140193714893812e-01 9.924698288399076418e-01 9.988904054353384687e-01 -2.666235825457685150e-03 4.702027541056205684e-02 5.254116879695791553e-02 2.666941601880787327e-03 9.999964390266371517e-01 4.774703495670231627e-05 -2.004043689823281627e-02 -4.702015419123498075e-02 7.770529285423709222e-05 9.988939591613873459e-01 9.969751179595132129e-01
9.988904054353384687e-01 -2.666235825457685150e-03 4.702027541056205684e-02 5.254116879695791553e-02 2.666941601880787327e-03 9.999964390266371517e-01 4.774703495670231627e-05 -2.004043689823281627e-02 -4.702015419123498075e-02 7.770529285423709222e-05 9.988939591613873459e-01 9.969751179595132129e-01 9.989100159379354915e-01 -1.481718274791349538e-03 4.665433026124392313e-02 5.142100007269889694e-02 1.531295264430113014e-03 9.999983335421644970e-01 -1.026864310268115399e-03 -2.340352825429649342e-02 -4.665273424606818792e-02 1.097191682042391279e-03 9.989105711407761934e-01 9.907870549341692978e-01
9.989100159379354915e-01 -1.481718274791349538e-03 4.665433026124392313e-02 5.142100007269889694e-02 1.531295264430113014e-03 9.999983335421644970e-01 -1.026864310268115399e-03 -2.340352825429649342e-02 -4.665273424606818792e-02 1.097191682042391279e-03 9.989105711407761934e-01 9.907870549341692978e-01 9.989283650254457969e-01 -3.434197464427016320e-03 4.615505744794928811e-02 4.953072787936807497e-02 3.597162564658683628e-03 9.999875845274510677e-01 -3.448260662523605722e-03 -2.486216970134620674e-02 -4.614259800503595771e-02 3.610584491378307850e-03 9.989283381651501426e-01 9.896713727969670416e-01
9.989283650254457969e-01 -3.434197464427016320e-03 4.615505744794928811e-02 4.953072787936807497e-02 3.597162564658683628e-03 9.999875845274510677e-01 -3.448260662523605722e-03 -2.486216970134620674e-02 -4.614259800503595771e-02 3.610584491378307850e-03 9.989283381651501426e-01 9.896713727969670416e-01 9.989777128909586024e-01 -4.054936650177978601e-03 4.502392363734792485e-02 5.466466194906116627e-02 4.179529673098716057e-03 9.999877435388281333e-01 -2.673506378045653782e-03 -2.032982484418263680e-02 -4.501255734055064489e-02 2.858947569815543845e-03 9.989823139939191243e-01 9.859660531985481313e-01
9.989777128909586024e-01 -4.054936650177978601e-03 4.502392363734792485e-02 5.466466194906116627e-02 4.179529673098716057e-03 9.999877435388281333e-01 -2.673506378045653782e-03 -2.032982484418263680e-02 -4.501255734055064489e-02 2.858947569815543845e-03 9.989823139939191243e-01 9.859660531985481313e-01 9.989452732305902360e-01 -6.939618676735807357e-05 4.591503894438399291e-02 4.918364371032324378e-02 1.231135027532745841e-04 9.999992584028486453e-01 -1.166980921992256601e-03 -1.955736872192553877e-02 -4.591487244907654919e-02 1.171401385150803694e-03 9.989446563810762125e-01 9.859219658861633206e-01
9.989452732305902360e-01 -6.939618676735807357e-05 4.591503894438399291e-02 4.918364371032324378e-02 1.231135027532745841e-04 9.999992584028486453e-01 -1.166980921992256601e-03 -1.955736872192553877e-02 -4.591487244907654919e-02 1.171401385150803694e-03 9.989446563810762125e-01 9.859219658861633206e-01 9.989167482074670090e-01 -7.837131710291510289e-04 4.652787669611087307e-02 4.803009073750730273e-02 7.740582978397788760e-04 9.999996470191132580e-01 2.252144742650661593e-04 -2.118684407546224391e-02 -4.652809113339174268e-02 -1.889438783538392437e-04 9.989169317936187342e-01 9.834631490406646748e-01
9.989167482074670090e-01 -7.837131710291510289e-04 4.652787669611087307e-02 4.803009073750730273e-02 7.740582978397788760e-04 9.999996470191132580e-01 2.252144742650661593e-04 -2.118684407546224391e-02 -4.652809113339174268e-02 -1.889438783538392437e-04 9.989169317936187342e-01 9.834631490406646748e-01 9.988711998115320512e-01 -2.583801478406772033e-04 4.749859145532633192e-02 4.832982530658225251e-02 2.361111802238506847e-04 9.999998644588379282e-01 4.747484900407501545e-04 -2.241359520116423254e-02 -4.749874361638075498e-02 -4.630045574860666832e-04 9.988712641158743466e-01 9.802273238643657294e-01
9.988711998115320512e-01 -2.583801478406772033e-04 4.749859145532633192e-02 4.832982530658225251e-02 2.361111802238506847e-04 9.999998644588379282e-01 4.747484900407501545e-04 -2.241359520116423254e-02 -4.749874361638075498e-02 -4.630045574860666832e-04 9.988712641158743466e-01 9.802273238643657294e-01 9.988597450350424900e-01 4.914261766437046759e-05 4.774114036935640099e-02 4.824121412166038070e-02 -5.010191157986836660e-05 1.000000050887383640e+00 1.889839654486303122e-05 -2.412094257786351337e-02 -4.774114931666210287e-02 -2.125563048188661074e-05 9.988597521177550176e-01 9.782304072627407976e-01
9.988597450350424900e-01 4.914261766437046759e-05 4.774114036935640099e-02 4.824121412166038070e-02 -5.010191157986836660e-05 1.000000050887383640e+00 1.889839654486303122e-05 -2.412094257786351337e-02 -4.774114931666210287e-02 -2.125563048188661074e-05 9.988597521177550176e-01 9.782304072627407976e-01 9.988819566050448628e-01 -1.069471283871326842e-03 4.726298681347698705e-02 4.775400386027062183e-02 1.102415307584689742e-03 9.999991240045941199e-01 -6.711692146382743822e-04 -2.187990595928773763e-02 -4.726222653091890352e-02 7.225161223008031439e-04 9.988822880760455103e-01 9.747242309341395128e-01
9.988819566050448628e-01 -1.069471283871326842e-03 4.726298681347698705e-02 4.775400386027062183e-02 1.102415307584689742e-03 9.999991240045941199e-01 -6.711692146382743822e-04 -2.187990595928773763e-02 -4.726222653091890352e-02 7.225161223008031439e-04 9.988822880760455103e-01 9.747242309341395128e-01 9.988913291407179873e-01 -3.585676313237738579e-03 4.693933089095207734e-02 5.355698137963482708e-02 3.645961408040377175e-03 9.999926900539819474e-01 -1.198786272315370853e-03 -2.235104625599532158e-02 -4.693467016942995396e-02 1.368592543703255884e-03 9.988969951675725767e-01 9.728615918449605715e-01
9.988913291407179873e-01 -3.585676313237738579e-03 4.693933089095207734e-02 5.355698137963482708e-02 3.645961408040377175e-03 9.999926900539819474e-01 -1.198786272315370853e-03 -2.235104625599532158e-02 -4.693467016942995396e-02 1.368592543703255884e-03 9.988969951675725767e-01 9.728615918449605715e-01 9.989222791286642700e-01 1.078869828417350980e-04 4.641292344890325661e-02 4.699337597995656424e-02 -3.066920569798858403e-05 9.999985533099714496e-01 -1.664351479802632849e-03 -2.211356616043586021e-02 -4.641308746361557519e-02 1.661139937426890081e-03 9.989209394055736935e-01 9.654632126780580137e-01
9.989222791286642700e-01 1.078869828417350980e-04 4.641292344890325661e-02 4.699337597995656424e-02 -3.066920569798858403e-05 9.999985533099714496e-01 -1.664351479802632849e-03 -2.211356616043586021e-02 -4.641308746361557519e-02 1.661139937426890081e-03 9.989209394055736935e-01 9.654632126780580137e-01 9.989036048681263491e-01 -4.651874078306464030e-03 4.658203135318039062e-02 5.502999600329516738e-02 4.673083617411308462e-03 9.999890999595797414e-01 -3.461556945880299506e-04 -2.024652297891765818e-02 -4.657985577595235432e-02 5.634478367384864557e-04 9.989144234696206714e-01 9.666756999371699521e-01
9.989036048681263491e-01 -4.651874078306464030e-03 4.658203135318039062e-02 5.502999600329516738e-02 4.673083617411308462e-03 9.999890999595797414e-01 -3.461556945880299506e-04 -2.024652297891765818e-02 -4.657985577595235432e-02 5.634478367384864557e-04 9.989144234696206714e-01 9.666756999371699521e-01 9.989147186726990979e-01 -4.866642441163753223e-04 4.657522288627977819e-02 5.192493844975487605e-02 5.249488679430122911e-04 9.999994540384721242e-01 -8.099117148792897352e-04 -2.040542228798128410e-02 -4.657475444444422047e-02 8.334741443770500927e-04 9.989144040472399677e-01 9.634688422241808325e-01
9.989147186726990979e-01 -4.866642441163753223e-04 4.657522288627977819e-02 5.192493844975487605e-02 5.249488679430122911e-04 9.999994540384721242e-01 -8.099117148792897352e-04 -2.040542228798128410e-02 -4.657475444444422047e-02 8.334741443770500927e-04 9.989144040472399677e-01 9.634688422241808325e-01 9.988693985641032835e-01 4.364309697418921686e-04 4.753808139384896325e-02 4.680581349432788585e-02 -3.699688012314697135e-04 9.999989272526567108e-01 -1.406947512593877906e-03 -2.116518659544827652e-02 -4.753872638093353115e-02 1.387781788954305139e-03 9.988684540928018940e-01 9.592845034959331940e-01
9.988693985641032835e-01 4.364309697418921686e-04 4.753808139384896325e-02 4.680581349432788585e-02 -3.699688012314697135e-04 9.999989272526567108e-01 -1.406947512593877906e-03 -2.116518659544827652e-02 -4.753872638093353115e-02 1.387781788954305139e-03 9.988684540928018940e-01 9.592845034959331940e-01 9.988882167690771308e-01 -4.458899498532536976e-03 4.692991587530125075e-02 5.314637995611359855e-02 4.578577198761470297e-03 9.999866173329615693e-01 -2.442871907481756946e-03 -1.760977535246749381e-02 -4.691827715527426002e-02 2.655025437267840519e-03 9.988952233087822208e-01 9.543858525518462699e-01
9.988882167690771308e-01 -4.458899498532536976e-03 4.692991587530125075e-02 5.314637995611359855e-02 4.578577198761470297e-03 9.999866173329615693e-01 -2.442871907481756946e-03 -1.760977535246749381e-02 -4.691827715527426002e-02 2.655025437267840519e-03 9.988952233087822208e-01 9.543858525518462699e-01 9.989140228716624215e-01 -1.267182879371544818e-04 4.659084249526636995e-02 4.766131909451676307e-02 2.235505810669546293e-04 9.999977789373464265e-01 -2.072965961350762415e-03 -1.894253645285935705e-02 -4.659063096586925357e-02 2.081125126775575356e-03 9.989118889744414975e-01 9.513555358308742882e-01
9.989140228716624215e-01 -1.267182879371544818e-04 4.659084249526636995e-02 4.766131909451676307e-02 2.235505810669546293e-04 9.999977789373464265e-01 -2.072965961350762415e-03 -1.894253645285935705e-02 -4.659063096586925357e-02 2.081125126775575356e-03 9.989118889744414975e-01 9.513555358308742882e-01 9.989257765870808159e-01 -2.211150864232108888e-03 4.628634494777047331e-02 5.171302919094955541e-02 2.326366593810007093e-03 9.999943617800227669e-01 -2.435625317665400351e-03 -1.875765749609287214e-02 -4.628063829242843458e-02 2.540694261031666793e-03 9.989252742116763173e-01 9.503938535921214736e-01
9.989257765870808159e-01 -2.211150864232108888e-03 4.628634494777047331e-02 5.171302919094955541e-02 2.326366593810007093e-03 9.999943617800227669e-01 -2.435625317665400351e-03 -1.875765749609287214e-02 -4.628063829242843458e-02 2.540694261031666793e-03 9.989252742116763173e-01 9.503938535921214736e-01 9.989201305649236806e-01 -4.985004894406428605e-03 4.619113899467323925e-02 5.444800858132836652e-02 5.216411830598720670e-03 9.999744106508341446e-01 -4.890449173408323129e-03 -1.718600057179455604e-02 -4.616553250568784794e-02 5.126118633743004943e-03 9.989206262631771249e-01 9.510979255899876250e-01
9.989201305649236806e-01 -4.985004894406428605e-03 4.619113899467323925e-02 5.444800858132836652e-02 5.216411830598720670e-03 9.999744106508341446e-01 -4.890449173408323129e-03 -1.718600057179455604e-02 -4.616553250568784794e-02 5.126118633743004943e-03 9.989206262631771249e-01 9.510979255899876250e-01 9.989658560805749765e-01 -9.301876015513883085e-04 4.545830362155760251e-02 5.023649455710277323e-02 1.008969404739598575e-03 9.999979838322984316e-01 -1.710364452892108606e-03 -1.152593242333173340e-02 -4.545660947835161725e-02 1.754455596870002675e-03 9.989647232860999759e-01 9.511178387913687970e-01
9.989658560805749765e-01 -9.301876015513883085e-04 4.545830362155760251e-02 5.023649455710277323e-02 1.008969404739598575e-03 9.999979838322984316e-01 -1.710364452892108606e-03 -1.152593242333173340e-02 -4.545660947835161725e-02 1.754455596870002675e-03 9.989647232860999759e-01 9.511178387913687970e-01 9.990423143960035501e-01 -4.350265386861563478e-03 4.353736014310669034e-02 5.150588209765949443e-02 4.366372740881515301e-03 9.999905117680020217e-01 -2.747247452633612311e-04 -1.415962018833417935e-02 -4.353584442667754462e-02 4.645575883987332648e-04 9.990518555355645258e-01 9.590868168608430722e-01
9.990423143960035501e-01 -4.350265386861563478e-03 4.353736014310669034e-02 5.150588209765949443e-02 4.366372740881515301e-03 9.999905117680020217e-01 -2.747247452633612311e-04 -1.415962018833417935e-02 -4.353584442667754462e-02 4.645575883987332648e-04 9.990518555355645258e-01 9.590868168608430722e-01 9.991422512356319396e-01 -3.198960054708280265e-03 4.128582739272292079e-02 5.205566029697727970e-02 3.223000126272790138e-03 9.999946746635292039e-01 -5.158818366101032863e-04 -1.679866204501742621e-02 -4.128387148392629463e-02 6.485027641055167262e-04 9.991472113921652243e-01 9.621039169251837109e-01
9.991422512356319396e-01 -3.198960054708280265e-03 4.128582739272292079e-02 5.205566029697727970e-02 3.223000126272790138e-03 9.999946746635292039e-01 -5.158818366101032863e-04 -1.679866204501742621e-02 -4.128387148392629463e-02 6.485027641055167262e-04 9.991472113921652243e-01 9.621039169251837109e-01 9.992473306599097826e-01 -1.664958385496259066e-03 3.875523892067071763e-02 4.441818268788999546e-02 1.790337617766346026e-03 9.999932272443122772e-01 -3.200441325399819119e-03 -1.479382683518884467e-02 -3.874961764158426497e-02 3.267424437286341361e-03 9.992435794726339804e-01 9.639756764399791678e-01
9.992473306599097826e-01 -1.664958385496259066e-03 3.875523892067071763e-02 4.441818268788999546e-02 1.790337617766346026e-03 9.999932272443122772e-01 -3.200441325399819119e-03 -1.479382683518884467e-02 -3.874961764158426497e-02 3.267424437286341361e-03 9.992435794726339804e-01 9.639756764399791678e-01 9.993435785167779084e-01 -1.076055073309617948e-03 3.621071215803970539e-02 4.393134331712822416e-02 1.077847548537027916e-03 9.999993925515850979e-01 -3.006813271670129059e-05 -1.173103307773715187e-02 -3.621073596964903551e-02 6.908012809827997192e-05 9.993441573918727672e-01 9.760037088005582007e-01
9.993435785167779084e-01 -1.076055073309617948e-03 3.621071215803970539e-02 4.393134331712822416e-02 1.077847548537027916e-03 9.999993925515850979e-01 -3.006813271670129059e-05 -1.173103307773715187e-02 -3.621073596964903551e-02 6.908012809827997192e-05 9.993441573918727672e-01 9.760037088005582007e-01 9.993741623892135051e-01 -1.760354327702677709e-03 3.532982298459670656e-02 4.087859468384280603e-02 1.692764249029122224e-03 9.999967176622338583e-01 1.942884457587384841e-03 -1.265587545360549737e-02 -3.533306481111931491e-02 -1.881868477579832751e-03 9.993738742390712027e-01 9.862707320541943545e-01
9.993741623892135051e-01 -1.760354327702677709e-03 3.532982298459670656e-02 4.087859468384280603e-02 1.692764249029122224e-03 9.999967176622338583e-01 1.942884457587384841e-03 -1.265587545360549737e-02 -3.533306481111931491e-02 -1.881868477579832751e-03 9.993738742390712027e-01 9.862707320541943545e-01 9.994006096267831207e-01 -6.187820623752984068e-04 3.461426812695260480e-02 4.106780016827293878e-02 6.333250427778949537e-04 9.999997624040846134e-01 -4.091508203442949872e-04 -1.673991802519034233e-02 -3.461407089847194640e-02 4.308376910726115661e-04 9.994006348267717721e-01 9.920134657896966246e-01
9.994006096267831207e-01 -6.187820623752984068e-04 3.461426812695260480e-02 4.106780016827293878e-02 6.333250427778949537e-04 9.999997624040846134e-01 -4.091508203442949872e-04 -1.673991802519034233e-02 -3.461407089847194640e-02 4.308376910726115661e-04 9.994006348267717721e-01 9.920134657896966246e-01 9.994261921965649220e-01 2.331149800169167279e-03 3.378954541438296960e-02 3.547522172369887983e-02 -2.252557611973114628e-03 9.999946665060653883e-01 -2.363563089713569855e-03 -1.407906775130254862e-02 -3.379482713284721190e-02 2.286082541289980764e-03 9.994261959574231025e-01 9.920516885596981638e-01
9.994261921965649220e-01 2.331149800169167279e-03 3.378954541438296960e-02 3.547522172369887983e-02 -2.252557611973114628e-03 9.999946665060653883e-01 -2.363563089713569855e-03 -1.407906775130254862e-02 -3.379482713284721190e-02 2.286082541289980764e-03 9.994261959574231025e-01 9.920516885596981638e-01 9.994753583803475117e-01 1.348326133674099627e-04 3.238739916982014133e-02 3.536151185114455586e-02 -6.514458655214966311e-05 9.999976364933338413e-01 -2.152730820894234801e-03 -1.331881747230892477e-02 -3.238770020864728538e-02 2.149500901505238017e-03 9.994730296349281229e-01 9.998802220131182139e-01
9.994753583803475117e-01 1.348326133674099627e-04 3.238739916982014133e-02 3.536151185114455586e-02 -6.514458655214966311e-05 9.999976364933338413e-01 -2.152730820894234801e-03 -1.331881747230892477e-02 -3.238770020864728538e-02 2.149500901505238017e-03 9.994730296349281229e-01 9.998802220131182139e-01 9.995029196225464485e-01 -1.693960711388201165e-03 3.148125301186851382e-02 3.806976013216711863e-02 1.714768812728197003e-03 9.999983124747335861e-01 -6.340538507963288783e-04 -1.325118552109261216e-02 -3.148010260613355593e-02 6.877139565377835039e-04 9.995041681236843667e-01 1.014723753849843035e+00
9.995029196225464485e-01 -1.693960711388201165e-03 3.148125301186851382e-02 3.806976013216711863e-02 1.714768812728197003e-03 9.999983124747335861e-01 -6.340538507963288783e-04 -1.325118552109261216e-02 -3.148010260613355593e-02 6.877139565377835039e-04 9.995041681236843667e-01 1.014723753849843035e+00 9.995105808505874156e-01 -1.629612327788632726e-03 3.124032304149419043e-02 3.717095123504776666e-02 1.625586508496764922e-03 9.999986645271784491e-01 1.539418941724617909e-04 -1.280373544662061214e-02 -3.124050810870729680e-02 -1.030884113459931017e-04 9.995118947052921143e-01 1.026297326379825847e+00
9.995105808505874156e-01 -1.629612327788632726e-03 3.124032304149419043e-02 3.717095123504776666e-02 1.625586508496764922e-03 9.999986645271784491e-01 1.539418941724617909e-04 -1.280373544662061214e-02 -3.124050810870729680e-02 -1.030884113459931017e-04 9.995118947052921143e-01 1.026297326379825847e+00 9.995168012187218842e-01 1.244339138435794634e-03 3.105936313310982480e-02 3.393433606058593455e-02 -1.278749303387004353e-03 9.999986326882482901e-01 1.088250374177444696e-03 -1.321963117339042260e-02 -3.105796631061568877e-02 -1.127430935389491136e-03 9.995169117591840013e-01 1.038709200427263113e+00
9.995168012187218842e-01 1.244339138435794634e-03 3.105936313310982480e-02 3.393433606058593455e-02 -1.278749303387004353e-03 9.999986326882482901e-01 1.088250374177444696e-03 -1.321963117339042260e-02 -3.105796631061568877e-02 -1.127430935389491136e-03 9.995169117591840013e-01 1.038709200427263113e+00 9.995530267506709254e-01 -7.058355766861198989e-04 2.988832796862400318e-02 3.246542449409517417e-02 7.099636550492822648e-04 9.999997346151124900e-01 -1.275088432245570459e-04 -1.255664048936627752e-02 -2.988822559376292862e-02 1.486638225594040768e-04 9.995532838563692124e-01 1.052206269527264482e+00
9.995530267506709254e-01 -7.058355766861198989e-04 2.988832796862400318e-02 3.246542449409517417e-02 7.099636550492822648e-04 9.999997346151124900e-01 -1.275088432245570459e-04 -1.255664048936627752e-02 -2.988822559376292862e-02 1.486638225594040768e-04 9.995532838563692124e-01 1.052206269527264482e+00 9.996109311742854553e-01 -2.773605776759899191e-03 2.775191745840574487e-02 3.535845518296554246e-02 2.796430869611994750e-03 9.999957685434731625e-01 -7.835814203692196764e-04 -1.148628393553741134e-02 -2.774962949078226687e-02 8.608817990762416715e-04 9.996144715862638197e-01 1.063589259539380549e+00
9.996109311742854553e-01 -2.773605776759899191e-03 2.775191745840574487e-02 3.535845518296554246e-02 2.796430869611994750e-03 9.999957685434731625e-01 -7.835814203692196764e-04 -1.148628393553741134e-02 -2.774962949078226687e-02 8.608817990762416715e-04 9.996144715862638197e-01 1.063589259539380549e+00 9.996648879859830750e-01 -4.393615197796251620e-03 2.551147314497490687e-02 3.411383232559117573e-02 4.414817084264828322e-03 9.999899363403323971e-01 -7.752143700746894073e-04 -1.106015855202696629e-02 -2.550781568945641523e-02 8.875861245741312796e-04 9.996743081210647253e-01 1.077187468278882676e+00
9.996648879859830750e-01 -4.393615197796251620e-03 2.551147314497490687e-02 3.411383232559117573e-02 4.414817084264828322e-03 9.999899363403323971e-01 -7.752143700746894073e-04 -1.106015855202696629e-02 -2.550781568945641523e-02 8.875861245741312796e-04 9.996743081210647253e-01 1.077187468278882676e+00 9.997257494116624787e-01 -4.505789255668721065e-03 2.298147685238777910e-02 3.350921147136887157e-02 4.517908995907618692e-03 9.999896756446844392e-01 -4.753751245811185821e-04 -1.058754352134089194e-02 -2.297909366280761687e-02 5.790710146347781027e-04 9.997357543544851399e-01 1.091795024273537251e+00
9.997257494116624787e-01 -4.505789255668721065e-03 2.298147685238777910e-02 3.350921147136887157e-02 4.517908995907618692e-03 9.999896756446844392e-01 -4.753751245811185821e-04 -1.058754352134089194e-02 -2.297909366280761687e-02 5.790710146347781027e-04 9.997357543544851399e-01 1.091795024273537251e+00 9.997660791012773496e-01 -6.178052427918610118e-03 2.072673682231882322e-02 3.265825544928091517e-02 6.180606647510731612e-03 9.999809468130447243e-01 -5.853280923396567988e-05 -1.116620230861897767e-02 -2.072598405763981938e-02 1.866214226851605146e-04 9.997851432968906105e-01 1.103486903858197365e+00
9.997660791012773496e-01 -6.178052427918610118e-03 2.072673682231882322e-02 3.265825544928091517e-02 6.180606647510731612e-03 9.999809468130447243e-01 -5.853280923396567988e-05 -1.116620230861897767e-02 -2.072598405763981938e-02 1.866214226851605146e-04 9.997851432968906105e-01 1.103486903858197365e+00 9.998270378447419171e-01 -4.704495485818247121e-03 1.799628112907330352e-02 3.090647106327892857e-02 4.690261812497527848e-03 9.999885806680544054e-01 8.319794438678298045e-04 -1.182146247046256260e-02 -1.799999093785835044e-02 -7.474267128452141001e-04 9.998377004733414175e-01 1.115720540105321845e+00
9.998270378447419171e-01 -4.704495485818247121e-03 1.799628112907330352e-02 3.090647106327892857e-02 4.690261812497527848e-03 9.999885806680544054e-01 8.319794438678298045e-04 -1.182146247046256260e-02 -1.799999093785835044e-02 -7.474267128452141001e-04 9.998377004733414175e-01 1.115720540105321845e+00 9.998685356562855286e-01 -3.473343688104979510e-03 1.583746098688010306e-02 2.670093064077150302e-02 3.476706071491710969e-03 9.999939795163816925e-01 -1.846595010639275676e-04 -1.357186002000021485e-02 -1.583671741880386327e-02 2.396987963998088332e-04 9.998745963600083053e-01 1.129058974025387130e+00
9.998685356562855286e-01 -3.473343688104979510e-03 1.583746098688010306e-02 2.670093064077150302e-02 3.476706071491710969e-03 9.999939795163816925e-01 -1.846595010639275676e-04 -1.357186002000021485e-02 -1.583671741880386327e-02 2.396987963998088332e-04 9.998745963600083053e-01 1.129058974025387130e+00 9.998891049219037486e-01 -2.735292571817924453e-03 1.463645334701996203e-02 2.406076935272594142e-02 2.724901114846471368e-03 9.999960370479079597e-01 7.305212336516900447e-04 -1.404288394378927496e-02 -1.463839731581613110e-02 -6.905568173283248594e-04 9.998925903767088563e-01 1.135028903962361113e+00
9.998891049219037486e-01 -2.735292571817924453e-03 1.463645334701996203e-02 2.406076935272594142e-02 2.724901114846471368e-03 9.999960370479079597e-01 7.305212336516900447e-04 -1.404288394378927496e-02 -1.463839731581613110e-02 -6.905568173283248594e-04 9.998925903767088563e-01 1.135028903962361113e+00 9.999087560188388846e-01 -3.953178605890335850e-04 1.350235168251123948e-02 1.903483092705116064e-02 3.804290264889357187e-04 9.999992672202606681e-01 1.104920844578363964e-03 -1.454978189039146663e-02 -1.350278519412192665e-02 -1.099680559928639277e-03 9.999082786334869688e-01 1.142349434500538052e+00
9.999087560188388846e-01 -3.953178605890335850e-04 1.350235168251123948e-02 1.903483092705116064e-02 3.804290264889357187e-04 9.999992672202606681e-01 1.104920844578363964e-03 -1.454978189039146663e-02 -1.350278519412192665e-02 -1.099680559928639277e-03 9.999082786334869688e-01 1.142349434500538052e+00 9.999220244775356425e-01 -2.356468932792842754e-05 1.248897230341814053e-02 1.631348495835638346e-02 2.288548024888164274e-05 1.000000058930170521e+00 5.523083154528733073e-05 -1.584739643824273347e-02 -1.248897263397292200e-02 -5.494218108868623195e-05 9.999220050738488741e-01 1.149276047027910863e+00
9.999220244775356425e-01 -2.356468932792842754e-05 1.248897230341814053e-02 1.631348495835638346e-02 2.288548024888164274e-05 1.000000058930170521e+00 5.523083154528733073e-05 -1.584739643824273347e-02 -1.248897263397292200e-02 -5.494218108868623195e-05 9.999220050738488741e-01 1.149276047027910863e+00 9.999341428721839620e-01 -2.750767206638139641e-04 1.147079858526695202e-02 1.656467477027945279e-02 3.069569770361002927e-04 9.999961136403296980e-01 -2.777892959433479834e-03 -1.565553190937829520e-02 -1.146999026368556579e-02 2.781229355999535486e-03 9.999302881974824198e-01 1.161365873048310959e+00
9.999341428721839620e-01 -2.750767206638139641e-04 1.147079858526695202e-02 1.656467477027945279e-02 3.069569770361002927e-04 9.999961136403296980e-01 -2.777892959433479834e-03 -1.565553190937829520e-02 -1.146999026368556579e-02 2.781229355999535486e-03 9.999302881974824198e-01 1.161365873048310959e+00 9.999458893520252190e-01 -7.938720670102966627e-04 1.037150749662388467e-02 1.640741410360391228e-02 8.329521531386841100e-04 9.999925408436400875e-01 -3.764307485479500073e-03 -1.296623787015804830e-02 -1.036841505696814783e-02 3.772746632892896943e-03 9.999391235091061869e-01 1.179825280348683947e+00
9.999458893520252190e-01 -7.938720670102966627e-04 1.037150749662388467e-02 1.640741410360391228e-02 8.329521531386841100e-04 9.999925408436400875e-01 -3.764307485479500073e-03 -1.296623787015804830e-02 -1.036841505696814783e-02 3.772746632892896943e-03 9.999391235091061869e-01 1.179825280348683947e+00 9.999520300973241405e-01 -1.212066753962534041e-03 9.719509714997329880e-03 1.672763841180113786e-02 1.238560817630747707e-03 9.999955039235325360e-01 -2.720166920462362570e-03 -9.609258294463352001e-03 -9.716211534717160078e-03 2.732075438184587615e-03 9.999490795441462465e-01 1.203468628595167900e+00
9.999520300973241405e-01 -1.212066753962534041e-03 9.719509714997329880e-03 1.672763841180113786e-02 1.238560817630747707e-03 9.999955039235325360e-01 -2.720166920462362570e-03 -9.609258294463352001e-03 -9.716211534717160078e-03 2.732075438184587615e-03 9.999490795441462465e-01 1.203468628595167900e+00 9.999704580164845424e-01 5.745992705742894468e-05 7.691731692671286043e-03 1.179636941048300969e-02 -4.785199512119088039e-05 9.999992726259082643e-01 -1.249602874956355029e-03 -7.930958866493309500e-03 -7.691850496710873897e-03 1.249199839333025924e-03 9.999696624840631598e-01 1.227865151791256437e+00
9.999704580164845424e-01 5.745992705742894468e-05 7.691731692671286043e-03 1.179636941048300969e-02 -4.785199512119088039e-05 9.999992726259082643e-01 -1.249602874956355029e-03 -7.930958866493309500e-03 -7.691850496710873897e-03 1.249199839333025924e-03 9.999696624840631598e-01 1.227865151791256437e+00 9.999822340692114953e-01 4.185986990792372672e-04 5.949454047681520044e-03 9.301206622971847082e-03 -4.148911734444461112e-04 9.999997256426401693e-01 -6.244204065263699553e-04 -7.286635421553722125e-03 -5.949636335289173496e-03 6.219341426921538678e-04 9.999820633072815657e-01 1.251854548471158068e+00
9.999822340692114953e-01 4.185986990792372672e-04 5.949454047681520044e-03 9.301206622971847082e-03 -4.148911734444461112e-04 9.999997256426401693e-01 -6.244204065263699553e-04 -7.286635421553722125e-03 -5.949636335289173496e-03 6.219341426921538678e-04 9.999820633072815657e-01 1.251854548471158068e+00 9.999857644114663602e-01 -1.090685028055398374e-03 5.221067350426884801e-03 9.778403002947300138e-03 1.098341726397035261e-03 9.999982454660055753e-01 -1.471349855477038001e-03 -8.098346834214398271e-03 -5.219469799852408283e-03 1.477054442739746554e-03 9.999853525166428891e-01 1.269268892252796377e+00
9.999857644114663602e-01 -1.090685028055398374e-03 5.221067350426884801e-03 9.778403002947300138e-03 1.098341726397035261e-03 9.999982454660055753e-01 -1.471349855477038001e-03 -8.098346834214398271e-03 -5.219469799852408283e-03 1.477054442739746554e-03 9.999853525166428891e-01 1.269268892252796377e+00 9.999892920180963873e-01 6.714703681061586936e-04 4.569374569651421698e-03 7.323549630754655482e-03 -6.621205996313661362e-04 9.999977564154974852e-01 -2.037116423626059852e-03 -7.146482522934372028e-03 -4.570823030322317473e-03 2.034087557411150184e-03 9.999875020102924061e-01 1.294906748202038216e+00
9.999892920180963873e-01 6.714703681061586936e-04 4.569374569651421698e-03 7.323549630754655482e-03 -6.621205996313661362e-04 9.999977564154974852e-01 -2.037116423626059852e-03 -7.146482522934372028e-03 -4.570823030322317473e-03 2.034087557411150184e-03 9.999875020102924061e-01 1.294906748202038216e+00 9.999911740047660036e-01 -3.272653188471808406e-04 4.185579650555620694e-03 8.023371722650551874e-03 3.317284922492720438e-04 9.999993462316451032e-01 -1.064642092431020062e-03 -7.337022169430884588e-03 -4.185131594268707948e-03 1.066010392593163972e-03 9.999906221124181815e-01 1.315925021415516483e+00
9.999911740047660036e-01 -3.272653188471808406e-04 4.185579650555620694e-03 8.023371722650551874e-03 3.317284922492720438e-04 9.999993462316451032e-01 -1.064642092431020062e-03 -7.337022169430884588e-03 -4.185131594268707948e-03 1.066010392593163972e-03 9.999906221124181815e-01 1.315925021415516483e+00 9.999951276692360391e-01 1.979991962748228371e-04 3.128052740436270112e-03 5.688379890408157280e-03 -2.007902378556977101e-04 9.999995559656252864e-01 8.881755423894682451e-04 -7.019809733885162828e-03 -3.127851249542235035e-03 -8.888002746743868879e-04 9.999947407217458784e-01 1.341400590759626255e+00
9.999951276692360391e-01 1.979991962748228371e-04 3.128052740436270112e-03 5.688379890408157280e-03 -2.007902378556977101e-04 9.999995559656252864e-01 8.881755423894682451e-04 -7.019809733885162828e-03 -3.127851249542235035e-03 -8.888002746743868879e-04 9.999947407217458784e-01 1.341400590759626255e+00 9.999970464286085381e-01 -6.316942763190503502e-04 2.337829546480210078e-03 5.795976523703672001e-03 6.257257953462523354e-04 9.999966255782992697e-01 2.552582247133146701e-03 -6.145271739480318018e-03 -2.339476664050414538e-03 -2.551113260688908212e-03 9.999940366764605848e-01 1.364909498413879874e+00
9.999970464286085381e-01 -6.316942763190503502e-04 2.337829546480210078e-03 5.795976523703672001e-03 6.257257953462523354e-04 9.999966255782992697e-01 2.552582247133146701e-03 -6.145271739480318018e-03 -2.339476664050414538e-03 -2.551113260688908212e-03 9.999940366764605848e-01 1.364909498413879874e+00 9.999973849615424459e-01 -7.689111151191766673e-05 2.304795877525034516e-03 4.787722766103286176e-03 7.462178040024551357e-05 9.999994740971591689e-01 9.950722141781099834e-04 -8.082600908461801126e-03 -2.304905171689010553e-03 -9.948808644123282446e-04 9.999968433573283022e-01 1.383993987379625423e+00
9.999973849615424459e-01 -7.689111151191766673e-05 2.304795877525034516e-03 4.787722766103286176e-03 7.462178040024551357e-05 9.999994740971591689e-01 9.950722141781099834e-04 -8.082600908461801126e-03 -2.304905171689010553e-03 -9.948808644123282446e-04 9.999968433573283022e-01 1.383993987379625423e+00 9.999953618312897863e-01 -2.275924065084263849e-03 2.033013738915596426e-03 6.275577486704264629e-03 2.276718966548056493e-03 9.999973138884358237e-01 -3.807269755493577264e-04 -7.809084441797509157e-03 -2.032131852872465314e-03 3.853383853818061005e-04 9.999978417547159548e-01 1.404927512085890839e+00
9.999953618312897863e-01 -2.275924065084263849e-03 2.033013738915596426e-03 6.275577486704264629e-03 2.276718966548056493e-03 9.999973138884358237e-01 -3.807269755493577264e-04 -7.809084441797509157e-03 -2.032131852872465314e-03 3.853383853818061005e-04 9.999978417547159548e-01 1.404927512085890839e+00 9.999993675967310258e-01 2.567684922028295926e-04 1.021111436618294148e-03 3.598126635782961102e-03 -2.562033207752770951e-04 9.999997909968155740e-01 -5.789889720941708996e-04 -8.697270631202069779e-03 -1.021196954075465589e-03 5.787289656780095952e-04 9.999993096050856511e-01 1.424542921285116392e+00
9.999993675967310258e-01 2.567684922028295926e-04 1.021111436618294148e-03 3.598126635782961102e-03 -2.562033207752770951e-04 9.999997909968155740e-01 -5.789889720941708996e-04 -8.697270631202069779e-03 -1.021196954075465589e-03 5.787289656780095952e-04 9.999993096050856511e-01 1.424542921285116392e+00 9.999976689576389743e-01 -2.077255454822975363e-03 5.523126506858292263e-04 5.531347377544904020e-03 2.077498537139517865e-03 9.999977046980677020e-01 -5.407406836463214683e-04 -7.349517686959572416e-03 -5.511642890974624781e-04 5.418751294285850759e-04 9.999996710440313130e-01 1.448198795468464084e+00
9.999976689576389743e-01 -2.077255454822975363e-03 5.523126506858292263e-04 5.531347377544904020e-03 2.077498537139517865e-03 9.999977046980677020e-01 -5.407406836463214683e-04 -7.349517686959572416e-03 -5.511642890974624781e-04 5.418751294285850759e-04 9.999996710440313130e-01 1.448198795468464084e+00 9.999999801524898091e-01 4.735769534248251132e-04 8.112877192726231784e-05 2.870196371340227870e-03 -4.734812332559948573e-04 9.999996666927680744e-01 -5.922955500935709076e-04 -9.676962680147838114e-03 -8.150580039576918012e-05 5.922717205013147603e-04 9.999998502412745793e-01 1.463966939552378221e+00
9.999999801524898091e-01 4.735769534248251132e-04 8.112877192726231784e-05 2.870196371340227870e-03 -4.734812332559948573e-04 9.999996666927680744e-01 -5.922955500935709076e-04 -9.676962680147838114e-03 -8.150580039576918012e-05 5.922717205013147603e-04 9.999998502412745793e-01 1.463966939552378221e+00 9.999998538497216760e-01 -4.646124754902855895e-05 -5.313043568342434896e-04 2.155973835872515565e-03 4.580615386292650413e-05 9.999992515793747483e-01 -1.253488720135349658e-03 -1.112105602354818146e-02 5.313622500764810744e-04 1.253463293487658671e-03 9.999990796413008587e-01 1.486881317982906126e+00
9.999998538497216760e-01 -4.646124754902855895e-05 -5.313043568342434896e-04 2.155973835872515565e-03 4.580615386292650413e-05 9.999992515793747483e-01 -1.253488720135349658e-03 -1.112105602354818146e-02 5.313622500764810744e-04 1.253463293487658671e-03 9.999990796413008587e-01 1.486881317982906126e+00 9.999991830270107407e-01 -3.280661095628473601e-04 -1.201108719416380194e-03 1.258038388503024407e-03 3.281370097130526203e-04 9.999999810988428051e-01 7.261961353008168769e-06 -9.384431246527213943e-03 1.201147996796057653e-03 -7.656355722141051503e-06 9.999992431816076000e-01 1.510593600328611785e+00
9.999991830270107407e-01 -3.280661095628473601e-04 -1.201108719416380194e-03 1.258038388503024407e-03 3.281370097130526203e-04 9.999999810988428051e-01 7.261961353008168769e-06 -9.384431246527213943e-03 1.201147996796057653e-03 -7.656355722141051503e-06 9.999992431816076000e-01 1.510593600328611785e+00 9.999984595285675848e-01 9.335781087502289946e-04 -1.510622151989902961e-03 -5.577026149374830766e-04 -9.319599455028033290e-04 9.999989241768636461e-01 1.101357841437516959e-03 -1.066631470284984395e-02 1.511674883516963327e-03 -1.099947893098690479e-03 9.999982702589521599e-01 1.530088245954260628e+00
9.999984595285675848e-01 9.335781087502289946e-04 -1.510622151989902961e-03 -5.577026149374830766e-04 -9.319599455028033290e-04 9.999989241768636461e-01 1.101357841437516959e-03 -1.066631470284984395e-02 1.511674883516963327e-03 -1.099947893098690479e-03 9.999982702589521599e-01 1.530088245954260628e+00 9.999988841480934587e-01 -9.664486306339505105e-04 -1.147746061729930898e-03 1.825428598088763010e-03 9.657011043390700605e-04 9.999994020558999885e-01 -6.099345911744471962e-04 -1.127568287384872470e-02 1.148374994306846459e-03 6.088139328468877755e-04 9.999991566407719912e-01 1.551854592337036820e+00
9.999988841480934587e-01 -9.664486306339505105e-04 -1.147746061729930898e-03 1.825428598088763010e-03 9.657011043390700605e-04 9.999994020558999885e-01 -6.099345911744471962e-04 -1.127568287384872470e-02 1.148374994306846459e-03 6.088139328468877755e-04 9.999991566407719912e-01 1.551854592337036820e+00 9.999991597902904150e-01 8.811530530245850464e-05 -1.223557680780974028e-03 -9.169750001092324965e-05 -8.922608173823924009e-05 9.999995195709502349e-01 -9.038185347779001573e-04 -9.676547396740176055e-03 1.223406717986256186e-03 9.039327569974683766e-04 9.999988533582176986e-01 1.569033221893540997e+00
9.999991597902904150e-01 8.811530530245850464e-05 -1.223557680780974028e-03 -9.169750001092324965e-05 -8.922608173823924009e-05 9.999995195709502349e-01 -9.038185347779001573e-04 -9.676547396740176055e-03 1.223406717986256186e-03 9.039327569974683766e-04 9.999988533582176986e-01 1.569033221893540997e+00 9.999991044722201794e-01 -1.000823646374705356e-03 -9.748356863074885553e-04 1.123791584607403138e-03 1.000318517910907994e-03 9.999993577905044173e-01 -5.208657613745285497e-04 -1.096804359330594281e-02 9.754603584963370422e-04 5.198900940915815970e-04 9.999993821248504000e-01 1.598225358454961054e+00
9.999991044722201794e-01 -1.000823646374705356e-03 -9.748356863074885553e-04 1.123791584607403138e-03 1.000318517910907994e-03 9.999993577905044173e-01 -5.208657613745285497e-04 -1.096804359330594281e-02 9.754603584963370422e-04 5.198900940915815970e-04 9.999993821248504000e-01 1.598225358454961054e+00 9.999992620904508689e-01 4.525352032532590617e-04 -1.058360356972655805e-03 -1.875722825950276729e-04 -4.525584218718980783e-04 9.999999005702056021e-01 1.239523602260416482e-06 -1.079052986800088654e-02 1.058217423715849701e-03 -7.596981041100190029e-07 9.999994065551549571e-01 1.615032943648522235e+00
