9.999986000006767517e-01 7.122129800144732636e-04 1.533513475105655792e-03 -1.101102050716544663e-02 -7.055718890534291811e-04 9.999904000013642991e-01 -4.327035925143885887e-03 -1.712164122630780924e-02 -1.536580678126360684e-03 4.325946939502045389e-03 9.999894999959513253e-01 9.617130961683949542e-01 9.999976174041464994e-01 -2.097553556464485866e-03 5.963917833829864533e-04 -7.453020489873151896e-03 2.098088194761111875e-03 9.999974016569100899e-01 -8.958215243791905558e-04 -1.175741806405839265e-02 -5.945121791120092439e-04 8.970706903974214443e-04 9.999993916727782928e-01 9.632216199425915892e-01
9.999976174041464994e-01 -2.097553556464485866e-03 5.963917833829864533e-04 -7.453020489873151896e-03 2.098088194761111875e-03 9.999974016569100899e-01 -8.958215243791905558e-04 -1.175741806405839265e-02 -5.945121791120092439e-04 8.970706903974214443e-04 9.999993916727782928e-01 9.632216199425915892e-01 9.999989212360196333e-01 -1.482086952165133711e-03 7.370562641599107275e-05 -1.615791285260720356e-02 1.481755931534898445e-03 9.999896454079088004e-01 4.311985594328803136e-03 -2.532329929349164815e-02 -8.009455165921555101e-05 -4.311871271979443414e-03 9.999907208742746523e-01 9.632824704394165050e-01
9.999989212360196333e-01 -1.482086952165133711e-03 7.370562641599107275e-05 -1.615791285260720356e-02 1.481755931534898445e-03 9.999896454079088004e-01 4.311985594328803136e-03 -2.532329929349164815e-02 -8.009455165921555101e-05 -4.311871271979443414e-03 9.999907208742746523e-01 9.632824704394165050e-01 9.999985650971751072e-01 -1.488923552675812086e-03 -7.514412329931250550e-04 -1.575838777792765155e-02 1.493747929013549379e-03 9.999779967742122855e-01 6.459739982003546988e-03 -3.069750330356030288e-02 7.418064774781119725e-04 -6.460852372209580433e-03 9.999788241507386877e-01 9.602543704647610312e-01
9.999985650971751072e-01 -1.488923552675812086e-03 -7.514412329931250550e-04 -1.575838777792765155e-02 1.493747929013549379e-03 9.999779967742122855e-01 6.459739982003546988e-03 -3.069750330356030288e-02 7.418064774781119725e-04 -6.460852372209580433e-03 9.999788241507386877e-01 9.602543704647610312e-01 9.999892863934320975e-01 -4.423825698197811351e-03 -1.381493458602129710e-03 -1.025430972523585366e-02 4.422612573067761024e-03 9.999897819517328257e-01 -8.807743797700521779e-04 -3.245084693537665654e-02 1.385376054428075557e-03 8.746540777400745688e-04 9.999987156303928870e-01 9.580601469388700941e-01
9.999892863934320975e-01 -4.423825698197811351e-03 -1.381493458602129710e-03 -1.025430972523585366e-02 4.422612573067761024e-03 9.999897819517328257e-01 -8.807743797700521779e-04 -3.245084693537665654e-02 1.385376054428075557e-03 8.746540777400745688e-04 9.999987156303928870e-01 9.580601469388700941e-01 9.999956391349154039e-01 -2.740805317838036510e-03 -1.068999646892154157e-03 -1.149619774391615751e-02 2.737543538061568225e-03 9.999916587903385778e-01 -3.042063990183712166e-03 -2.689744623659628964e-02 1.077328543115357168e-03 3.039124748754827056e-03 9.999947305398971809e-01 9.322908095657682637e-01
9.999956391349154039e-01 -2.740805317838036510e-03 -1.068999646892154157e-03 -1.149619774391615751e-02 2.737543538061568225e-03 9.999916587903385778e-01 -3.042063990183712166e-03 -2.689744623659628964e-02 1.077328543115357168e-03 3.039124748754827056e-03 9.999947305398971809e-01 9.322908095657682637e-01 9.999995139401616218e-01 -5.643435764494902744e-04 -8.344693830142902152e-04 -1.002878611957429972e-02 5.617890186390561572e-04 9.999951900288044371e-01 -3.062066144161459252e-03 -1.008933418187221709e-02 8.361937273821594364e-04 3.061594841536942075e-03 9.999950537003414741e-01 9.374322111839274996e-01
9.999995139401616218e-01 -5.643435764494902744e-04 -8.344693830142902152e-04 -1.002878611957429972e-02 5.617890186390561572e-04 9.999951900288044371e-01 -3.062066144161459252e-03 -1.008933418187221709e-02 8.361937273821594364e-04 3.061594841536942075e-03 9.999950537003414741e-01 9.374322111839274996e-01 9.999994548795236859e-01 6.270938590495887420e-04 -8.120843240410675510e-04 -1.242617311816354708e-02 -6.276223909093807006e-04 9.999995494099357396e-01 -6.425576788989718511e-04 -1.280406990813612311e-02 8.116808717808702113e-04 6.430676362506499181e-04 9.999993957174768688e-01 9.298054526749650606e-01
9.999994548795236859e-01 6.270938590495887420e-04 -8.120843240410675510e-04 -1.242617311816354708e-02 -6.276223909093807006e-04 9.999995494099357396e-01 -6.425576788989718511e-04 -1.280406990813612311e-02 8.116808717808702113e-04 6.430676362506499181e-04 9.999993957174768688e-01 9.298054526749650606e-01 9.999993411613995464e-01 6.520159695890230403e-04 -9.242719274376168855e-04 -9.632669411203581555e-03 -6.498781734837878830e-04 9.999971141029929678e-01 2.317870683164005487e-03 -9.208573378524154140e-03 9.257804295208861599e-04 -2.317268973392697974e-03 9.999968875664285717e-01 9.293787440103962183e-01
9.999993411613995464e-01 6.520159695890230403e-04 -9.242719274376168855e-04 -9.632669411203581555e-03 -6.498781734837878830e-04 9.999971141029929678e-01 2.317870683164005487e-03 -9.208573378524154140e-03 9.257804295208861599e-04 -2.317268973392697974e-03 9.999968875664285717e-01 9.293787440103962183e-01 9.999997790332790792e-01 6.785791495132864723e-05 -6.741938838700660191e-04 -9.609827242371388190e-03 -6.587062394291447014e-05 9.999957272201801528e-01 2.934980323187676068e-03 -7.493290629939808323e-03 6.743909562856727994e-04 -2.934935003710080481e-03 9.999954645313524626e-01 9.304202962712739833e-01
9.999997790332790792e-01 6.785791495132864723e-05 -6.741938838700660191e-04 -9.609827242371388190e-03 -6.587062394291447014e-05 9.999957272201801528e-01 2.934980323187676068e-03 -7.493290629939808323e-03 6.743909562856727994e-04 -2.934935003710080481e-03 9.999954645313524626e-01 9.304202962712739833e-01 9.999994780395569105e-01 -1.642655807078223236e-04 -9.875050279987010807e-04 -9.584614539571642555e-03 1.655666486628306364e-04 9.999990851553910431e-01 1.320057278826550738e-03 -7.821766027871518423e-03 9.872879708371271566e-04 -1.320219320481365267e-03 9.999986438004970779e-01 9.230806093588572736e-01
9.999994780395569105e-01 -1.642655807078223236e-04 -9.875050279987010807e-04 -9.584614539571642555e-03 1.655666486628306364e-04 9.999990851553910431e-01 1.320057278826550738e-03 -7.821766027871518423e-03 9.872879708371271566e-04 -1.320219320481365267e-03 9.999986438004970779e-01 9.230806093588572736e-01 9.999986148717771028e-01 -1.561686418961724318e-03 -6.063205860348880793e-04 -9.775714690620843084e-03 1.562093442693606457e-03 9.999986048687165008e-01 6.626197678979378700e-04 -1.219209843419918893e-02 6.052842590112796420e-04 -6.635670369304720248e-04 9.999996285740669899e-01 9.506187336989881942e-01
9.999986148717771028e-01 -1.561686418961724318e-03 -6.063205860348880793e-04 -9.775714690620843084e-03 1.562093442693606457e-03 9.999986048687165008e-01 6.626197678979378700e-04 -1.219209843419918893e-02 6.052842590112796420e-04 -6.635670369304720248e-04 9.999996285740669899e-01 9.506187336989881942e-01 9.999995124882556929e-01 -1.671458304102134385e-04 -9.595139414796670678e-04 -7.753056985547512880e-03 1.670527423300659871e-04 9.999999854087355811e-01 -9.903668411376862336e-05 -2.024058747362078581e-02 9.595313204720391093e-04 9.887704746785283170e-05 9.999995583879423000e-01 8.838973100913047887e-01
9.999995124882556929e-01 -1.671458304102134385e-04 -9.595139414796670678e-04 -7.753056985547512880e-03 1.670527423300659871e-04 9.999999854087355811e-01 -9.903668411376862336e-05 -2.024058747362078581e-02 9.595313204720391093e-04 9.887704746785283170e-05 9.999995583879423000e-01 8.838973100913047887e-01 9.999997474271167253e-01 -2.309945758468878241e-04 -6.945411467952176000e-04 -8.529099857760125136e-03 2.299085421454838830e-04 9.999987185792706956e-01 -1.569905475995533265e-03 -2.434446840258552847e-02 6.949016758162574955e-04 1.569745720341277290e-03 9.999984544578084389e-01 9.097669948147011354e-01
9.999997474271167253e-01 -2.309945758468878241e-04 -6.945411467952176000e-04 -8.529099857760125136e-03 2.299085421454838830e-04 9.999987185792706956e-01 -1.569905475995533265e-03 -2.434446840258552847e-02 6.949016758162574955e-04 1.569745720341277290e-03 9.999984544578084389e-01 9.097669948147011354e-01 9.999987206448485155e-01 -4.769918211539819568e-04 -1.562119388968942610e-03 -9.140402841629563513e-03 4.735521374021441012e-04 9.999974965868057009e-01 -2.196941829013359694e-03 -2.773376460597160031e-02 1.563163902088181290e-03 2.196198612507617009e-03 9.999963780630843901e-01 9.081122098943232857e-01
9.999987206448485155e-01 -4.769918211539819568e-04 -1.562119388968942610e-03 -9.140402841629563513e-03 4.735521374021441012e-04 9.999974965868057009e-01 -2.196941829013359694e-03 -2.773376460597160031e-02 1.563163902088181290e-03 2.196198612507617009e-03 9.999963780630843901e-01 9.081122098943232857e-01 9.999979741494868790e-01 -1.310065738482043543e-03 -1.502563942983219667e-03 -6.434201946807681372e-03 1.308163401836646630e-03 9.999983413035787860e-01 -1.261239862688699927e-03 -1.678566625444721794e-02 1.504218518194725719e-03 1.259271504282513925e-03 9.999981121967642661e-01 9.042338428272866935e-01
9.999979741494868790e-01 -1.310065738482043543e-03 -1.502563942983219667e-03 -6.434201946807681372e-03 1.308163401836646630e-03 9.999983413035787860e-01 -1.261239862688699927e-03 -1.678566625444721794e-02 1.504218518194725719e-03 1.259271504282513925e-03 9.999981121967642661e-01 9.042338428272866935e-01 9.999985244590706701e-01 3.659571776288217870e-04 -1.674397212151887849e-03 -8.317560485641598000e-03 -3.668447810631673359e-04 9.999997805204163814e-01 -5.336725533547360652e-04 -8.838834489937608119e-03 1.674199524156259325e-03 5.342858933078991268e-04 9.999984879179930619e-01 9.008869611914658293e-01
9.999985244590706701e-01 3.659571776288217870e-04 -1.674397212151887849e-03 -8.317560485641598000e-03 -3.668447810631673359e-04 9.999997805204163814e-01 -5.336725533547360652e-04 -8.838834489937608119e-03 1.674199524156259325e-03 5.342858933078991268e-04 9.999984879179930619e-01 9.008869611914658293e-01 9.999981300088940372e-01 1.296321610289898930e-03 -1.463543157944314404e-03 -8.943096255737827821e-03 -1.297629073719023737e-03 9.999987249332480399e-01 -8.868554615138877400e-04 -7.529641171703960190e-03 1.462393691418724991e-03 8.887523650527187711e-04 9.999984789290677911e-01 8.969995497762521808e-01
9.999981300088940372e-01 1.296321610289898930e-03 -1.463543157944314404e-03 -8.943096255737827821e-03 -1.297629073719023737e-03 9.999987249332480399e-01 -8.868554615138877400e-04 -7.529641171703960190e-03 1.462393691418724991e-03 8.887523650527187711e-04 9.999984789290677911e-01 8.969995497762521808e-01 9.999974704398607583e-01 1.445788526876476410e-03 -1.725313308079946990e-03 -6.021620404990973147e-03 -1.445854051063464761e-03 9.999989435972299612e-01 -4.186724451322951923e-05 -3.405058690530315957e-03 1.725249124951653504e-03 4.436180613138917828e-05 9.999985191864890766e-01 8.919210781700108726e-01
9.999974704398607583e-01 1.445788526876476410e-03 -1.725313308079946990e-03 -6.021620404990973147e-03 -1.445854051063464761e-03 9.999989435972299612e-01 -4.186724451322951923e-05 -3.405058690530315957e-03 1.725249124951653504e-03 4.436180613138917828e-05 9.999985191864890766e-01 8.919210781700108726e-01 9.999985995506779357e-01 -5.552170477999756682e-04 -1.546229648983085464e-03 -4.575531410855336600e-03 5.567194356889168094e-04 9.999994346055770533e-01 9.728678996890608626e-04 -4.651437449949669123e-03 1.545695739104767982e-03 -9.737270737700321529e-04 9.999983634064835147e-01 8.921836650946950442e-01
9.999985995506779357e-01 -5.552170477999756682e-04 -1.546229648983085464e-03 -4.575531410855336600e-03 5.567194356889168094e-04 9.999994346055770533e-01 9.728678996890608626e-04 -4.651437449949669123e-03 1.545695739104767982e-03 -9.737270737700321529e-04 9.999983634064835147e-01 8.921836650946950442e-01 9.999989519567543672e-01 6.288429659417510724e-04 -1.320854926940670917e-03 -5.756543917261019994e-03 -6.269864283219535924e-04 9.999988236157845156e-01 1.401022563139564959e-03 -8.763089063441809046e-03 1.321734114852467137e-03 -1.400192680862638378e-03 9.999980924923257408e-01 8.875788596893450233e-01
9.999989519567543672e-01 6.288429659417510724e-04 -1.320854926940670917e-03 -5.756543917261019994e-03 -6.269864283219535924e-04 9.999988236157845156e-01 1.401022563139564959e-03 -8.763089063441809046e-03 1.321734114852467137e-03 -1.400192680862638378e-03 9.999980924923257408e-01 8.875788596893450233e-01 9.999988943555001564e-01 1.550238336681810476e-04 -1.499132729542898557e-03 -4.900654448687868925e-03 -1.545061868799200413e-04 9.999998641718682579e-01 3.497421049803431034e-04 -1.041432539701409032e-02 1.499179023414860552e-03 -3.495107629891342003e-04 9.999988743396395208e-01 8.808169785199844171e-01
9.999988943555001564e-01 1.550238336681810476e-04 -1.499132729542898557e-03 -4.900654448687868925e-03 -1.545061868799200413e-04 9.999998641718682579e-01 3.497421049803431034e-04 -1.041432539701409032e-02 1.499179023414860552e-03 -3.495107629891342003e-04 9.999988743396395208e-01 8.808169785199844171e-01 9.999978488421629175e-01 -1.144327061799910129e-03 -1.735540568130860325e-03 -1.679743981800610464e-03 1.144246144294888993e-03 9.999993327057851156e-01 -5.043019407524624708e-05 7.594091645552469849e-04 1.735596955727311584e-03 4.844521628570888741e-05 9.999985055530149491e-01 8.743253194485731683e-01
9.999978488421629175e-01 -1.144327061799910129e-03 -1.735540568130860325e-03 -1.679743981800610464e-03 1.144246144294888993e-03 9.999993327057851156e-01 -5.043019407524624708e-05 7.594091645552469849e-04 1.735596955727311584e-03 4.844521628570888741e-05 9.999985055530149491e-01 8.743253194485731683e-01 9.999986228020184553e-01 -2.067782332225151032e-04 -1.603046957247166414e-03 4.830734031028710573e-04 2.057906907700256997e-04 9.999997859815579204e-01 -6.167229670285239839e-04 6.830713686880596214e-04 1.603175216493405320e-03 6.163917230692842310e-04 9.999984695958533676e-01 8.692216933964402870e-01
9.999986228020184553e-01 -2.067782332225151032e-04 -1.603046957247166414e-03 4.830734031028710573e-04 2.057906907700256997e-04 9.999997859815579204e-01 -6.167229670285239839e-04 6.830713686880596214e-04 1.603175216493405320e-03 6.163917230692842310e-04 9.999984695958533676e-01 8.692216933964402870e-01 9.999995153902723199e-01 6.316661134433409499e-05 -1.018280435301830485e-03 -8.062463500119743109e-04 -6.268679499228436730e-05 9.999999541376810575e-01 4.710749530514258469e-04 3.014462354411828748e-03 1.018313597957570468e-03 -4.710104601347843921e-04 9.999993981766330808e-01 8.632107117841201216e-01
9.999995153902723199e-01 6.316661134433409499e-05 -1.018280435301830485e-03 -8.062463500119743109e-04 -6.268679499228436730e-05 9.999999541376810575e-01 4.710749530514258469e-04 3.014462354411828748e-03 1.018313597957570468e-03 -4.710104601347843921e-04 9.999993981766330808e-01 8.632107117841201216e-01 9.999994163545625758e-01 1.990844329129062948e-04 -1.028236361546963022e-03 -1.454485345059042256e-04 -1.970609555665569937e-04 9.999980403710405641e-01 1.970369278688900109e-03 6.167579841739878610e-04 1.028627853307266483e-03 -1.970164612114872621e-03 9.999975360703508009e-01 8.570936802187461012e-01
9.999994163545625758e-01 1.990844329129062948e-04 -1.028236361546963022e-03 -1.454485345059042256e-04 -1.970609555665569937e-04 9.999980403710405641e-01 1.970369278688900109e-03 6.167579841739878610e-04 1.028627853307266483e-03 -1.970164612114872621e-03 9.999975360703508009e-01 8.570936802187461012e-01 9.999987962674405928e-01 -1.343614521842984109e-03 -7.887685814422275028e-04 2.848746563412996036e-03 1.345878013789363319e-03 9.999949858541616887e-01 2.864241201471185664e-03 -4.897460333373460095e-04 7.849089909392826300e-04 -2.865299488528775564e-03 9.999955812585964443e-01 8.579018742972870371e-01
9.999987962674405928e-01 -1.343614521842984109e-03 -7.887685814422275028e-04 2.848746563412996036e-03 1.345878013789363319e-03 9.999949858541616887e-01 2.864241201471185664e-03 -4.897460333373460095e-04 7.849089909392826300e-04 -2.865299488528775564e-03 9.999955812585964443e-01 8.579018742972870371e-01 9.999997489947127782e-01 3.262019264402812911e-04 -6.685358746221487349e-04 5.612182657554226628e-03 -3.252997212305060669e-04 9.999990288157283302e-01 1.361800308643694403e-03 3.576986838510209932e-03 6.689751001176059758e-04 -1.361582713177520582e-03 9.999988333308441613e-01 8.269182177603795481e-01
9.999997489947127782e-01 3.262019264402812911e-04 -6.685358746221487349e-04 5.612182657554226628e-03 -3.252997212305060669e-04 9.999990288157283302e-01 1.361800308643694403e-03 3.576986838510209932e-03 6.689751001176059758e-04 -1.361582713177520582e-03 9.999988333308441613e-01 8.269182177603795481e-01 9.999995956898651839e-01 4.835488242364051337e-04 -7.776269585310521771e-04 2.634430309705115825e-03 -4.844736558554500489e-04 9.999991596233760438e-01 -1.182944086814101490e-03 1.121914452501815429e-03 7.770546626102066163e-04 1.183320005846869288e-03 9.999990216225616013e-01 8.242814878183075677e-01
9.999995956898651839e-01 4.835488242364051337e-04 -7.776269585310521771e-04 2.634430309705115825e-03 -4.844736558554500489e-04 9.999991596233760438e-01 -1.182944086814101490e-03 1.121914452501815429e-03 7.770546626102066163e-04 1.183320005846869288e-03 9.999990216225616013e-01 8.242814878183075677e-01 9.999986304143749782e-01 1.470919939433748460e-03 -7.921469644220974953e-04 6.856684619344077802e-04 -1.473080866251091567e-03 9.999951826482101902e-01 -2.743952378959751623e-03 1.099702100718524811e-03 7.881106453214981305e-04 2.745115148842315871e-03 9.999958946702288687e-01 8.144681312118500216e-01
9.999986304143749782e-01 1.470919939433748460e-03 -7.921469644220974953e-04 6.856684619344077802e-04 -1.473080866251091567e-03 9.999951826482101902e-01 -2.743952378959751623e-03 1.099702100718524811e-03 7.881106453214981305e-04 2.745115148842315871e-03 9.999958946702288687e-01 8.144681312118500216e-01 9.999994678259789271e-01 5.521524812112481306e-04 -7.951698093794607814e-04 -1.095116485306246723e-04 -5.534211163288454407e-04 9.999985415088514795e-01 -1.595462500429460856e-03 -2.750927894339394442e-03 7.942915668787180411e-04 1.595901975534453829e-03 9.999983762020036027e-01 7.969143626278807346e-01
9.999994678259789271e-01 5.521524812112481306e-04 -7.951698093794607814e-04 -1.095116485306246723e-04 -5.534211163288454407e-04 9.999985415088514795e-01 -1.595462500429460856e-03 -2.750927894339394442e-03 7.942915668787180411e-04 1.595901975534453829e-03 9.999983762020036027e-01 7.969143626278807346e-01 9.999992769965541095e-01 7.322491401475357499e-04 -9.454655500649586852e-04 -1.948814617995786591e-04 -7.326819479040773886e-04 9.999996325136437658e-01 -4.529576387053576799e-04 -5.981475409536307630e-03 9.451391488412852222e-04 4.536497036870938714e-04 9.999994948845553067e-01 7.929290245644757817e-01
9.999992769965541095e-01 7.322491401475357499e-04 -9.454655500649586852e-04 -1.948814617995786591e-04 -7.326819479040773886e-04 9.999996325136437658e-01 -4.529576387053576799e-04 -5.981475409536307630e-03 9.451391488412852222e-04 4.536497036870938714e-04 9.999994948845553067e-01 7.929290245644757817e-01 9.999990251351205117e-01 -2.083748756252453739e-04 -1.414348771521252652e-03 4.320566244574441939e-04 2.078133273917778562e-04 9.999998618289971386e-01 -3.958375547616945476e-04 -5.503896862907531329e-03 1.414421262048495224e-03 3.955433173080263615e-04 9.999988940429972439e-01 7.854720461673814214e-01
9.999990251351205117e-01 -2.083748756252453739e-04 -1.414348771521252652e-03 4.320566244574441939e-04 2.078133273917778562e-04 9.999998618289971386e-01 -3.958375547616945476e-04 -5.503896862907531329e-03 1.414421262048495224e-03 3.955433173080263615e-04 9.999988940429972439e-01 7.854720461673814214e-01 9.999981655475795872e-01 3.234280311329050181e-04 -1.872824851654489699e-03 8.683882196477421545e-04 -3.245580376537277566e-04 9.999998025482074171e-01 -6.029769569092664197e-04 1.653949952447608673e-04 1.872638960451722531e-03 6.035836461963356827e-04 9.999981255507114364e-01 7.722919912663677167e-01
9.999981655475795872e-01 3.234280311329050181e-04 -1.872824851654489699e-03 8.683882196477421545e-04 -3.245580376537277566e-04 9.999998025482074171e-01 -6.029769569092664197e-04 1.653949952447608673e-04 1.872638960451722531e-03 6.035836461963356827e-04 9.999981255507114364e-01 7.722919912663677167e-01 9.999983197947064362e-01 -7.743437103290344120e-06 -1.851731041093232890e-03 2.926055770827606928e-03 7.071720651599272465e-06 9.999999129424060884e-01 -3.671125814135354853e-04 1.318276786070921025e-02 1.851727397558507876e-03 3.670987357682266739e-04 9.999981582035828431e-01 7.669285135342960302e-01
9.999983197947064362e-01 -7.743437103290344120e-06 -1.851731041093232890e-03 2.926055770827606928e-03 7.071720651599272465e-06 9.999999129424060884e-01 -3.671125814135354853e-04 1.318276786070921025e-02 1.851727397558507876e-03 3.670987357682266739e-04 9.999981582035828431e-01 7.669285135342960302e-01 9.999977749839020769e-01 -3.549351720327683095e-04 -2.048665125141222332e-03 5.171785477220414151e-04 3.572840841856435670e-04 9.999992441152790734e-01 1.147415567193917421e-03 4.730643588733762783e-03 2.048250980740233106e-03 -1.148144408393317892e-03 9.999972295015969737e-01 7.605082423445921336e-01
9.999977749839020769e-01 -3.549351720327683095e-04 -2.048665125141222332e-03 5.171785477220414151e-04 3.572840841856435670e-04 9.999992441152790734e-01 1.147415567193917421e-03 4.730643588733762783e-03 2.048250980740233106e-03 -1.148144408393317892e-03 9.999972295015969737e-01 7.605082423445921336e-01 9.999981626197509410e-01 -8.616894094065082705e-05 -1.936283649827753471e-03 1.391605362285330827e-04 9.132243714529381746e-05 9.999965255605691716e-01 2.663275612663290430e-03 -1.495239739416232005e-03 1.936055436924835832e-03 -2.663447823741332734e-03 9.999946536103599959e-01 7.446459062876265023e-01
9.999981626197509410e-01 -8.616894094065082705e-05 -1.936283649827753471e-03 1.391605362285330827e-04 9.132243714529381746e-05 9.999965255605691716e-01 2.663275612663290430e-03 -1.495239739416232005e-03 1.936055436924835832e-03 -2.663447823741332734e-03 9.999946536103599959e-01 7.446459062876265023e-01 9.999980431044146467e-01 7.159114535964589609e-04 -1.829825810918148154e-03 -3.407558774725094608e-03 -7.135721895290694046e-04 9.999989284471528794e-01 1.278587140506507120e-03 -7.749732488035288025e-03 1.830732789095957476e-03 -1.277278477896109151e-03 9.999974215472946515e-01 7.381213759316764822e-01
9.999980431044146467e-01 7.159114535964589609e-04 -1.829825810918148154e-03 -3.407558774725094608e-03 -7.135721895290694046e-04 9.999989284471528794e-01 1.278587140506507120e-03 -7.749732488035288025e-03 1.830732789095957476e-03 -1.277278477896109151e-03 9.999974215472946515e-01 7.381213759316764822e-01 9.999971180879779764e-01 1.454426076818783522e-03 -1.943357241674719457e-03 -7.852777881804495763e-03 -1.453899824589765426e-03 9.999988701146770298e-01 2.724177378709549333e-04 -1.001906509886502095e-02 1.943759874985422857e-03 -2.695915349522824103e-04 9.999981289256870687e-01 7.282680379001718052e-01
9.999971180879779764e-01 1.454426076818783522e-03 -1.943357241674719457e-03 -7.852777881804495763e-03 -1.453899824589765426e-03 9.999988701146770298e-01 2.724177378709549333e-04 -1.001906509886502095e-02 1.943759874985422857e-03 -2.695915349522824103e-04 9.999981289256870687e-01 7.282680379001718052e-01 9.999946894469806669e-01 2.680737062280479695e-03 -1.821233816374435727e-03 -8.832938732318273978e-03 -2.682279866897334820e-03 9.999960349820652405e-01 -8.443820930347182424e-04 -6.572179258918287026e-03 1.818962548309882663e-03 8.492626336377762965e-04 9.999979866125313643e-01 7.422841531707007334e-01
9.999946894469806669e-01 2.680737062280479695e-03 -1.821233816374435727e-03 -8.832938732318273978e-03 -2.682279866897334820e-03 9.999960349820652405e-01 -8.443820930347182424e-04 -6.572179258918287026e-03 1.818962548309882663e-03 8.492626336377762965e-04 9.999979866125313643e-01 7.422841531707007334e-01 9.999972530989751363e-01 1.531703344950994129e-03 -1.763706025953220343e-03 -7.710157759290847679e-03 -1.533144400276888631e-03 9.999984629165886707e-01 -8.157622654646777332e-04 -2.796190301701195757e-03 1.762462766545079811e-03 8.184640935964851384e-04 9.999980870454289184e-01 6.906666187714591842e-01
9.999972530989751363e-01 1.531703344950994129e-03 -1.763706025953220343e-03 -7.710157759290847679e-03 -1.533144400276888631e-03 9.999984629165886707e-01 -8.157622654646777332e-04 -2.796190301701195757e-03 1.762462766545079811e-03 8.184640935964851384e-04 9.999980870454289184e-01 6.906666187714591842e-01 9.999988340840008094e-01 4.086362822076437915e-04 -1.507608685994152233e-03 -4.174085832698071208e-03 -4.064815152224867854e-04 9.999989251543071056e-01 1.429296609070164134e-03 5.655063071795640717e-03 1.508181527283708164e-03 -1.428681727824447200e-03 9.999978729702920788e-01 6.935230391681486140e-01
9.999988340840008094e-01 4.086362822076437915e-04 -1.507608685994152233e-03 -4.174085832698071208e-03 -4.064815152224867854e-04 9.999989251543071056e-01 1.429296609070164134e-03 5.655063071795640717e-03 1.508181527283708164e-03 -1.428681727824447200e-03 9.999978729702920788e-01 6.935230391681486140e-01 9.999987940950234577e-01 1.105672482100823056e-03 -1.036899013196963468e-03 -2.457697414888215803e-03 -1.104026480734728640e-03 9.999981705589230385e-01 1.587121767087161734e-03 5.824009459446444215e-03 1.038653960949401708e-03 -1.585975176291025716e-03 9.999981551130527890e-01 6.885934211834268126e-01
9.999987940950234577e-01 1.105672482100823056e-03 -1.036899013196963468e-03 -2.457697414888215803e-03 -1.104026480734728640e-03 9.999981705589230385e-01 1.587121767087161734e-03 5.824009459446444215e-03 1.038653960949401708e-03 -1.585975176291025716e-03 9.999981551130527890e-01 6.885934211834268126e-01 9.999955554753542364e-01 2.995245284718092531e-03 6.930144491511875044e-05 -6.878097312502551297e-03 -2.995296346125089684e-03 9.999951677318564824e-01 7.396534608045382455e-04 -2.488006633134087764e-03 -6.708961471212101613e-05 -7.398577153645571024e-04 9.999997292218796296e-01 6.769757991200222591e-01
9.999955554753542364e-01 2.995245284718092531e-03 6.930144491511875044e-05 -6.878097312502551297e-03 -2.995296346125089684e-03 9.999951677318564824e-01 7.396534608045382455e-04 -2.488006633134087764e-03 -6.708961471212101613e-05 -7.398577153645571024e-04 9.999997292218796296e-01 6.769757991200222591e-01 9.999941753700228864e-01 3.247695252716241258e-03 1.072840754259142158e-03 -5.295367486607860386e-03 -3.245465690068705198e-03 9.999926661103809566e-01 -2.074751476604215408e-03 3.020192216109274241e-03 -1.079562848185184687e-03 2.071257134716487057e-03 9.999973453851052074e-01 6.631183937389408811e-01
9.999941753700228864e-01 3.247695252716241258e-03 1.072840754259142158e-03 -5.295367486607860386e-03 -3.245465690068705198e-03 9.999926661103809566e-01 -2.074751476604215408e-03 3.020192216109274241e-03 -1.079562848185184687e-03 2.071257134716487057e-03 9.999973453851052074e-01 6.631183937389408811e-01 9.999968522495708001e-01 1.765220929484962375e-03 1.786919088664747080e-03 6.535021258836648528e-04 -1.759247010094740606e-03 9.999928508752349288e-01 -3.339011336969964754e-03 7.831277426862404134e-03 -1.792806779915381713e-03 3.335856671475678336e-03 9.999928011309733300e-01 6.530696142432219631e-01
9.999968522495708001e-01 1.765220929484962375e-03 1.786919088664747080e-03 6.535021258836648528e-04 -1.759247010094740606e-03 9.999928508752349288e-01 -3.339011336969964754e-03 7.831277426862404134e-03 -1.792806779915381713e-03 3.335856671475678336e-03 9.999928011309733300e-01 6.530696142432219631e-01 9.999975008176216207e-01 4.529374517363333888e-04 2.159700085231871115e-03 1.519700205732443798e-03 -4.486339652353281741e-04 9.999979240678150694e-01 -1.993380706844437907e-03 4.450617117456312499e-03 -2.160596247977292217e-03 1.992406740782306975e-03 9.999956386835244793e-01 6.376925603653447183e-01
9.999975008176216207e-01 4.529374517363333888e-04 2.159700085231871115e-03 1.519700205732443798e-03 -4.486339652353281741e-04 9.999979240678150694e-01 -1.993380706844437907e-03 4.450617117456312499e-03 -2.160596247977292217e-03 1.992406740782306975e-03 9.999956386835244793e-01 6.376925603653447183e-01 9.999947041235927037e-01 1.175879307128471427e-03 3.053740218025098509e-03 -9.372866446235583737e-04 -1.178697862094167572e-03 9.999988322981154809e-01 9.214543022871647454e-04 4.696033227208823435e-03 -3.052661601185641550e-03 -9.250487079589874784e-04 9.999949848355839110e-01 6.375021923747681285e-01
9.999947041235927037e-01 1.175879307128471427e-03 3.053740218025098509e-03 -9.372866446235583737e-04 -1.178697862094167572e-03 9.999988322981154809e-01 9.214543022871647454e-04 4.696033227208823435e-03 -3.052661601185641550e-03 -9.250487079589874784e-04 9.999949848355839110e-01 6.375021923747681285e-01 9.999816597565187593e-01 4.920451093921300589e-03 3.528759214929677156e-03 -5.041362659736980945e-03 -4.931811355974732684e-03 9.999826517739809351e-01 3.217606157368479818e-03 -1.707224020122910524e-03 -3.512858586539976524e-03 -3.234949493782529172e-03 9.999885295816810515e-01 6.500984742190496490e-01
9.999816597565187593e-01 4.920451093921300589e-03 3.528759214929677156e-03 -5.041362659736980945e-03 -4.931811355974732684e-03 9.999826517739809351e-01 3.217606157368479818e-03 -1.707224020122910524e-03 -3.512858586539976524e-03 -3.234949493782529172e-03 9.999885295816810515e-01 6.500984742190496490e-01 9.999835775464243071e-01 4.301037117952716780e-03 3.782993281436626727e-03 -5.587571256557510857e-03 -4.315394071553431757e-03 9.999835424113397986e-01 3.793760201944574098e-03 -2.065347269960771115e-03 -3.766622665175245466e-03 -3.810022060400981240e-03 9.999856568001601609e-01 6.059077217569992513e-01
9.999835775464243071e-01 4.301037117952716780e-03 3.782993281436626727e-03 -5.587571256557510857e-03 -4.315394071553431757e-03 9.999835424113397986e-01 3.793760201944574098e-03 -2.065347269960771115e-03 -3.766622665175245466e-03 -3.810022060400981240e-03 9.999856568001601609e-01 6.059077217569992513e-01 9.999788017639638094e-01 4.872510531073196739e-03 4.307483669033989639e-03 -4.467738806336496449e-03 -4.876464221676631537e-03 9.999877014420323063e-01 9.074764925026199006e-04 -2.681484087508678726e-03 -4.303001039153067815e-03 -9.284627837198911916e-04 9.999903289182923150e-01 5.992637663560600458e-01
9.999788017639638094e-01 4.872510531073196739e-03 4.307483669033989639e-03 -4.467738806336496449e-03 -4.876464221676631537e-03 9.999877014420323063e-01 9.074764925026199006e-04 -2.681484087508678726e-03 -4.303001039153067815e-03 -9.284627837198911916e-04 9.999903289182923150e-01 5.992637663560600458e-01 9.999786802887418169e-01 3.699320015437366528e-03 5.385718065137027125e-03 -3.036079929169863134e-03 -3.700589136219920548e-03 9.999931108287490877e-01 2.267077668739123910e-04 -1.064574094826298278e-03 -5.384846279066968742e-03 -2.466339774270427947e-04 9.999854884008644307e-01 5.851490880679079964e-01
9.999786802887418169e-01 3.699320015437366528e-03 5.385718065137027125e-03 -3.036079929169863134e-03 -3.700589136219920548e-03 9.999931108287490877e-01 2.267077668739123910e-04 -1.064574094826298278e-03 -5.384846279066968742e-03 -2.466339774270427947e-04 9.999854884008644307e-01 5.851490880679079964e-01 9.999768253891681002e-01 3.640196893455864904e-03 5.757584330622307796e-03 -2.207510201269205496e-03 -3.652597819703688655e-03 9.999910070231140535e-01 2.143707439875112801e-03 -1.521353652880974572e-03 -5.749722565780488077e-03 -2.164684309643447220e-03 9.999810929453692987e-01 5.687812430126442109e-01
9.999768253891681002e-01 3.640196893455864904e-03 5.757584330622307796e-03 -2.207510201269205496e-03 -3.652597819703688655e-03 9.999910070231140535e-01 2.143707439875112801e-03 -1.521353652880974572e-03 -5.749722565780488077e-03 -2.164684309643447220e-03 9.999810929453692987e-01 5.687812430126442109e-01 9.999650212352922951e-01 4.988103972364957457e-03 6.706418415311735104e-03 -3.323204297838111554e-03 -4.999273773716225028e-03 9.999861207093572180e-01 1.649636964131449271e-03 -4.557945425873399792e-03 -6.698109912641622699e-03 -1.683111740135126303e-03 9.999761724981738320e-01 5.482735134928660159e-01
9.999650212352922951e-01 4.988103972364957457e-03 6.706418415311735104e-03 -3.323204297838111554e-03 -4.999273773716225028e-03 9.999861207093572180e-01 1.649636964131449271e-03 -4.557945425873399792e-03 -6.698109912641622699e-03 -1.683111740135126303e-03 9.999761724981738320e-01 5.482735134928660159e-01 9.999690183786522635e-01 3.291868635840276575e-03 7.152966794021301151e-03 -1.049273372718539932e-03 -3.289017207389710856e-03 9.999945585106422286e-01 -4.103886300178711806e-04 -6.405298078544952034e-03 -7.154274230766977972e-03 3.868510021418893811e-04 9.999743201251228841e-01 5.270888994675928529e-01
9.999690183786522635e-01 3.291868635840276575e-03 7.152966794021301151e-03 -1.049273372718539932e-03 -3.289017207389710856e-03 9.999945585106422286e-01 -4.103886300178711806e-04 -6.405298078544952034e-03 -7.154274230766977972e-03 3.868510021418893811e-04 9.999743201251228841e-01 5.270888994675928529e-01 9.999671458185781514e-01 3.498181317007646209e-03 7.314196758017373068e-03 6.470866449369561124e-04 -3.503072712032273290e-03 9.999936330112396687e-01 6.569897447398400769e-04 -5.283576200916018095e-03 -7.311853674320837986e-03 -6.825921125275817482e-04 9.999729926732032759e-01 5.075547834320346396e-01
9.999671458185781514e-01 3.498181317007646209e-03 7.314196758017373068e-03 6.470866449369561124e-04 -3.503072712032273290e-03 9.999936330112396687e-01 6.569897447398400769e-04 -5.283576200916018095e-03 -7.311853674320837986e-03 -6.825921125275817482e-04 9.999729926732032759e-01 5.075547834320346396e-01 9.999615463663602544e-01 4.442652486539890901e-03 7.564179519642177246e-03 -1.559428762274661651e-03 -4.441348828710907533e-03 9.999901305468796853e-01 -1.891896946137181412e-04 2.876008224569348570e-04 -7.564947644842771879e-03 1.555950578921726538e-04 9.999714564664586858e-01 4.834531425014105821e-01
9.999615463663602544e-01 4.442652486539890901e-03 7.564179519642177246e-03 -1.559428762274661651e-03 -4.441348828710907533e-03 9.999901305468796853e-01 -1.891896946137181412e-04 2.876008224569348570e-04 -7.564947644842771879e-03 1.555950578921726538e-04 9.999714564664586858e-01 4.834531425014105821e-01 9.999597304806469023e-01 4.352340926256794904e-03 7.848338535055877918e-03 -1.863531231168336078e-03 -4.331813629985606547e-03 9.999871366862929101e-01 -2.631476857083665105e-03 1.512559898230181332e-04 -7.859687849359264095e-03 2.597368105354125670e-03 9.999656865622903457e-01 4.640373646172406552e-01
9.999597304806469023e-01 4.352340926256794904e-03 7.848338535055877918e-03 -1.863531231168336078e-03 -4.331813629985606547e-03 9.999871366862929101e-01 -2.631476857083665105e-03 1.512559898230181332e-04 -7.859687849359264095e-03 2.597368105354125670e-03 9.999656865622903457e-01 4.640373646172406552e-01 9.999656900930397052e-01 1.682536252247847494e-03 8.111879318901492678e-03 3.342157531338596499e-04 -1.658780478904804808e-03 9.999943272856347543e-01 -2.934424068330998558e-03 -5.499036068646656616e-03 -8.116776932204571374e-03 2.920866631309503199e-03 9.999627794436725114e-01 4.395267744692361589e-01
9.999656900930397052e-01 1.682536252247847494e-03 8.111879318901492678e-03 3.342157531338596499e-04 -1.658780478904804808e-03 9.999943272856347543e-01 -2.934424068330998558e-03 -5.499036068646656616e-03 -8.116776932204571374e-03 2.920866631309503199e-03 9.999627794436725114e-01 4.395267744692361589e-01 9.999683548951885381e-01 4.806724780199685739e-04 7.938202141449158047e-03 3.188166635962552675e-03 -4.867864029368025873e-04 9.999995693707783850e-01 7.680220271333574504e-04 -2.951387556274776003e-03 -7.937832508770909651e-03 -7.718619018373083784e-04 9.999681834904411426e-01 4.218885407628079065e-01
9.999683548951885381e-01 4.806724780199685739e-04 7.938202141449158047e-03 3.188166635962552675e-03 -4.867864029368025873e-04 9.999995693707783850e-01 7.680220271333574504e-04 -2.951387556274776003e-03 -7.937832508770909651e-03 -7.718619018373083784e-04 9.999681834904411426e-01 4.218885407628079065e-01 9.999701005608716553e-01 -4.595999051953999072e-04 7.718653962428468317e-03 7.073218325194474687e-03 4.461684658036512265e-04 9.999983812249958470e-01 1.742783068502240908e-03 -3.111407892800732711e-03 -7.719449534362000584e-03 -1.739286608146498265e-03 9.999687174133083944e-01 3.975114770791918772e-01
9.999701005608716553e-01 -4.595999051953999072e-04 7.718653962428468317e-03 7.073218325194474687e-03 4.461684658036512265e-04 9.999983812249958470e-01 1.742783068502240908e-03 -3.111407892800732711e-03 -7.719449534362000584e-03 -1.739286608146498265e-03 9.999687174133083944e-01 3.975114770791918772e-01 9.999659260229954993e-01 1.801387856705935139e-03 8.058254339176231310e-03 5.318852589173861389e-03 -1.811660933776833510e-03 9.999976099297722687e-01 1.265922836758735489e-03 -1.730762319616774292e-03 -8.055952829240112245e-03 -1.280478922988734962e-03 9.999667496565590730e-01 3.724379391105685499e-01
9.999659260229954993e-01 1.801387856705935139e-03 8.058254339176231310e-03 5.318852589173861389e-03 -1.811660933776833510e-03 9.999976099297722687e-01 1.265922836758735489e-03 -1.730762319616774292e-03 -8.055952829240112245e-03 -1.280478922988734962e-03 9.999667496565590730e-01 3.724379391105685499e-01 9.999519309354338858e-01 3.476806260020194866e-03 9.167582565282710039e-03 2.238657286333989305e-03 -3.480660318118516342e-03 9.999938678190875008e-01 4.044518720915933922e-04 -2.065452780242060804e-03 -9.166113766458552914e-03 -4.363424331529621109e-04 9.999578516824654262e-01 3.633215486780301262e-01
9.999519309354338858e-01 3.476806260020194866e-03 9.167582565282710039e-03 2.238657286333989305e-03 -3.480660318118516342e-03 9.999938678190875008e-01 4.044518720915933922e-04 -2.065452780242060804e-03 -9.166113766458552914e-03 -4.363424331529621109e-04 9.999578516824654262e-01 3.633215486780301262e-01 9.999530867604188300e-01 4.655952579272286916e-03 8.488431331476278124e-03 -7.015815925770496619e-05 -4.656089974372367921e-03 9.999891509736004158e-01 -4.001846264203235032e-06 -3.880105966557634289e-03 -8.488374749142772041e-03 -3.551860159269875364e-05 9.999640336195139145e-01 3.115954702425014489e-01
9.999530867604188300e-01 4.655952579272286916e-03 8.488431331476278124e-03 -7.015815925770496619e-05 -4.656089974372367921e-03 9.999891509736004158e-01 -4.001846264203235032e-06 -3.880105966557634289e-03 -8.488374749142772041e-03 -3.551860159269875364e-05 9.999640336195139145e-01 3.115954702425014489e-01 9.999522905963573738e-01 3.639691572529835627e-03 9.069050034161823051e-03 3.389084965555788642e-03 -3.646120503689482574e-03 9.999930957383064145e-01 6.932109596020927592e-04 -5.759047484398149841e-03 -9.066452893371370822e-03 -7.262424377471575227e-04 9.999586332428062052e-01 2.991048758062930801e-01
9.999522905963573738e-01 3.639691572529835627e-03 9.069050034161823051e-03 3.389084965555788642e-03 -3.646120503689482574e-03 9.999930957383064145e-01 6.932109596020927592e-04 -5.759047484398149841e-03 -9.066452893371370822e-03 -7.262424377471575227e-04 9.999586332428062052e-01 2.991048758062930801e-01 9.999566756557874969e-01 -4.832322216708625443e-04 9.299382943293939621e-03 9.334028482847145369e-03 4.743194904756332627e-04 9.999993775528280837e-01 9.612542529132612253e-04 -1.014187628518636863e-02 -9.299845134578757153e-03 -9.568003662475150096e-04 9.999562650657660701e-01 2.756601817679396049e-01
