9.999977999999567491e-01 5.272627909294303698e-04 -2.066935023257580537e-03 -4.690294001972338672e-02 -5.296506095380042710e-04 9.999991999997186465e-01 -1.154865239217637380e-03 -2.839928020500757933e-02 2.066324183491081729e-03 1.155957876346710685e-03 9.999972000000444394e-01 8.586941858773046166e-01 9.999977421068828587e-01 5.240989451293195022e-04 -2.063814691586242454e-03 -4.505333791372775898e-02 -5.264822900958908772e-04 9.999992119420041403e-01 -1.154336259090382125e-03 -2.739470732140776923e-02 2.063208240257728612e-03 1.155419303449229263e-03 9.999971988659388522e-01 8.577081492781299943e-01
9.999977421068828587e-01 5.240989451293195022e-04 -2.063814691586242454e-03 -4.505333791372775898e-02 -5.264822900958908772e-04 9.999992119420041403e-01 -1.154336259090382125e-03 -2.739470732140776923e-02 2.063208240257728612e-03 1.155419303449229263e-03 9.999971988659388522e-01 8.577081492781299943e-01 9.999976833799711917e-01 5.222832300465077900e-04 -2.066039689504883727e-03 -4.332350870539500298e-02 -5.246748919056630793e-04 9.999991253525675194e-01 -1.156799083658348283e-03 -2.646040319485686021e-02 2.065435192142060523e-03 1.157881644628066566e-03 9.999972055135366578e-01 8.589387735245705979e-01
9.999976833799711917e-01 5.222832300465077900e-04 -2.066039689504883727e-03 -4.332350870539500298e-02 -5.246748919056630793e-04 9.999991253525675194e-01 -1.156799083658348283e-03 -2.646040319485686021e-02 2.065435192142060523e-03 1.157881644628066566e-03 9.999972055135366578e-01 8.589387735245705979e-01 9.999977019889321195e-01 5.191915563201651837e-04 -2.063175004300933733e-03 -4.148517780792128351e-02 -5.215773741931160109e-04 9.999992324812659872e-01 -1.156414384491306121e-03 -2.545746385673101908e-02 2.062572581382011473e-03 1.157486543336402017e-03 9.999971930068941584e-01 8.580510311373759080e-01
9.999977019889321195e-01 5.191915563201651837e-04 -2.063175004300933733e-03 -4.148517780792128351e-02 -5.215773741931160109e-04 9.999992324812659872e-01 -1.156414384491306121e-03 -2.545746385673101908e-02 2.062572581382011473e-03 1.157486543336402017e-03 9.999971930068941584e-01 8.580510311373759080e-01 9.999977403548341304e-01 5.173056133611739389e-04 -2.065131590118058150e-03 -3.974676570356622252e-02 -5.196989656616818809e-04 9.999991484198060832e-01 -1.158735998700842875e-03 -2.451348041209340523e-02 2.064532190890918956e-03 1.159807285325391247e-03 9.999972136483495921e-01 8.591672129506435773e-01
9.999977403548341304e-01 5.173056133611739389e-04 -2.065131590118058150e-03 -3.974676570356622252e-02 -5.196989656616818809e-04 9.999991484198060832e-01 -1.158735998700842875e-03 -2.451348041209340523e-02 2.064532190890918956e-03 1.159807285325391247e-03 9.999972136483495921e-01 8.591672129506435773e-01 9.999977341544917797e-01 5.141994784178889784e-04 -2.062200393973129871e-03 -3.791263295210309248e-02 -5.165896469345155305e-04 9.999992502507136782e-01 -1.158307960483920826e-03 -2.350790512776153307e-02 2.061602650381062860e-03 1.159370234156025577e-03 9.999971879784828044e-01 8.582395414323578109e-01
9.999977341544917797e-01 5.141994784178889784e-04 -2.062200393973129871e-03 -3.791263295210309248e-02 -5.165896469345155305e-04 9.999992502507136782e-01 -1.158307960483920826e-03 -2.350790512776153307e-02 2.061602650381062860e-03 1.159370234156025577e-03 9.999971879784828044e-01 8.582395414323578109e-01 9.999977733742217989e-01 5.123889843944811999e-04 -2.064467806153201003e-03 -3.617745097068572613e-02 -5.147868791302702505e-04 9.999991701204318240e-01 -1.160817202477258453e-03 -2.256132553006631736e-02 2.063869619457506851e-03 1.161876581378470811e-03 9.999972272905905957e-01 8.594814570127473630e-01
9.999977733742217989e-01 5.123889843944811999e-04 -2.064467806153201003e-03 -3.617745097068572613e-02 -5.147868791302702505e-04 9.999991701204318240e-01 -1.160817202477258453e-03 -2.256132553006631736e-02 2.063869619457506851e-03 1.161876581378470811e-03 9.999972272905905957e-01 8.594814570127473630e-01 9.999977418352747893e-01 5.092572919933790673e-04 -2.061398264960671769e-03 -3.434637288789374465e-02 -5.116490663216831511e-04 9.999991665007307295e-01 -1.160310736985364129e-03 -2.155257562118459425e-02 2.060805175274440983e-03 1.161363458899621970e-03 9.999971876105608892e-01 8.584888556416272465e-01
9.999977418352747893e-01 5.092572919933790673e-04 -2.061398264960671769e-03 -3.434637288789374465e-02 -5.116490663216831511e-04 9.999991665007307295e-01 -1.160310736985364129e-03 -2.155257562118459425e-02 2.060805175274440983e-03 1.161363458899621970e-03 9.999971876105608892e-01 8.584888556416272465e-01 9.999977680907429223e-01 5.072743028483038845e-04 -2.062993483860047460e-03 -3.259690150783856044e-02 -5.096732560195374765e-04 9.999991853471503767e-01 -1.162441468737048043e-03 -2.059262815535856106e-02 2.062395739459282722e-03 1.163489915874007900e-03 9.999972284122043975e-01 8.594421199282473722e-01
9.999977680907429223e-01 5.072743028483038845e-04 -2.062993483860047460e-03 -3.259690150783856044e-02 -5.096732560195374765e-04 9.999991853471503767e-01 -1.162441468737048043e-03 -2.059262815535856106e-02 2.062395739459282722e-03 1.163489915874007900e-03 9.999972284122043975e-01 8.594421199282473722e-01 9.999977744728930640e-01 5.049555001867004006e-04 -2.063226410154537539e-03 -3.082257643478425457e-02 -5.073564533612008338e-04 9.999991989063685693e-01 -1.163807222187486284e-03 -1.961461230077157780e-02 2.062641334489468282e-03 1.164856839476441190e-03 9.999971529380387025e-01 8.598221528708629435e-01
9.999977744728930640e-01 5.049555001867004006e-04 -2.063226410154537539e-03 -3.082257643478425457e-02 -5.073564533612008338e-04 9.999991989063685693e-01 -1.163807222187486284e-03 -1.961461230077157780e-02 2.062641334489468282e-03 1.164856839476441190e-03 9.999971529380387025e-01 8.598221528708629435e-01 9.999976859702298659e-01 5.016147206762641610e-04 -2.059240268378585356e-03 -2.898773652017078151e-02 -5.040105626593380066e-04 9.999991804664898343e-01 -1.162796701488235784e-03 -1.859579859959148429e-02 2.058653208469715581e-03 1.163830026978437959e-03 9.999972688558553813e-01 8.584433487339264701e-01
9.999976859702298659e-01 5.016147206762641610e-04 -2.059240268378585356e-03 -2.898773652017078151e-02 -5.040105626593380066e-04 9.999991804664898343e-01 -1.162796701488235784e-03 -1.859579859959148429e-02 2.058653208469715581e-03 1.163830026978437959e-03 9.999972688558553813e-01 8.584433487339264701e-01 9.999977275951487110e-01 4.998811258325089974e-04 -2.061886596550127192e-03 -2.725053657486969927e-02 -5.022850854265916831e-04 9.999992101918184773e-01 -1.165523289608354131e-03 -1.763680687652222079e-02 2.061308262742504813e-03 1.166559734028338284e-03 9.999971543793050310e-01 8.598198699619494789e-01
9.999977275951487110e-01 4.998811258325089974e-04 -2.061886596550127192e-03 -2.725053657486969927e-02 -5.022850854265916831e-04 9.999992101918184773e-01 -1.165523289608354131e-03 -1.763680687652222079e-02 2.061308262742504813e-03 1.166559734028338284e-03 9.999971543793050310e-01 8.598198699619494789e-01 9.999977955914549632e-01 4.973470624984935567e-04 -2.061219883055226583e-03 -2.546524578770997804e-02 -4.997526329181575626e-04 9.999992156477904848e-01 -1.166402031334816663e-03 -1.664490074812480236e-02 2.060639923263991261e-03 1.167421981957539670e-03 9.999972578034529436e-01 8.598190725726730932e-01
9.999977955914549632e-01 4.973470624984935567e-04 -2.061219883055226583e-03 -2.546524578770997804e-02 -4.997526329181575626e-04 9.999992156477904848e-01 -1.166402031334816663e-03 -1.664490074812480236e-02 2.060639923263991261e-03 1.167421981957539670e-03 9.999972578034529436e-01 8.598190725726730932e-01 9.999976514138672057e-01 6.235576727833057982e-04 -2.070510446952332582e-03 -2.372388938822428406e-02 -6.261485849783644505e-04 9.999990610386869649e-01 -1.250756696452824234e-03 -1.575356804040242698e-02 2.069724174860207693e-03 1.252048232500504923e-03 9.999969928246855710e-01 8.591207007379395577e-01
9.999976514138672057e-01 6.235576727833057982e-04 -2.070510446952332582e-03 -2.372388938822428406e-02 -6.261485849783644505e-04 9.999990610386869649e-01 -1.250756696452824234e-03 -1.575356804040242698e-02 2.069724174860207693e-03 1.252048232500504923e-03 9.999969928246855710e-01 8.591207007379395577e-01 9.999971757249078719e-01 -1.467179425948231426e-03 -1.874062171015098040e-03 -2.083195748205418640e-02 1.467397586183122283e-03 9.999988458743676034e-01 1.146470927223755830e-04 -1.278765789429131550e-02 1.873895625971399919e-03 -1.173872848013460599e-04 9.999982298658747215e-01 8.555219224297747616e-01
9.999971757249078719e-01 -1.467179425948231426e-03 -1.874062171015098040e-03 -2.083195748205418640e-02 1.467397586183122283e-03 9.999988458743676034e-01 1.146470927223755830e-04 -1.278765789429131550e-02 1.873895625971399919e-03 -1.173872848013460599e-04 9.999982298658747215e-01 8.555219224297747616e-01 9.999948243425531569e-01 2.321596693501322330e-03 -2.235207466503570922e-03 -2.126374961794896823e-02 -2.326878325850620030e-03 9.999945795123987846e-01 -2.362885811132243302e-03 -1.632293466153053596e-02 2.229705928077785858e-03 2.368061172800493396e-03 9.999947369513693118e-01 8.632510134960682535e-01
9.999948243425531569e-01 2.321596693501322330e-03 -2.235207466503570922e-03 -2.126374961794896823e-02 -2.326878325850620030e-03 9.999945795123987846e-01 -2.362885811132243302e-03 -1.632293466153053596e-02 2.229705928077785858e-03 2.368061172800493396e-03 9.999947369513693118e-01 8.632510134960682535e-01 9.999981400095168116e-01 9.487656479781075456e-04 -1.652920309739598333e-03 -2.055182065573385453e-02 -9.530902262248522978e-04 9.999961371948012934e-01 -2.616845175058266949e-03 -1.418983235322684999e-02 1.650437438519591557e-03 2.618425978117976116e-03 9.999951840559581084e-01 8.703661491511933690e-01
9.999981400095168116e-01 9.487656479781075456e-04 -1.652920309739598333e-03 -2.055182065573385453e-02 -9.530902262248522978e-04 9.999961371948012934e-01 -2.616845175058266949e-03 -1.418983235322684999e-02 1.650437438519591557e-03 2.618425978117976116e-03 9.999951840559581084e-01 8.703661491511933690e-01 9.999911135167546261e-01 3.722600900134870241e-03 -1.999017265711698806e-03 -2.470820208988022681e-02 -3.726479489761777997e-03 9.999911387188709089e-01 -1.940015976353137890e-03 -1.311435567653840284e-02 1.991780381080795245e-03 1.947442395526351655e-03 9.999962013058231181e-01 8.811709237683587048e-01
9.999911135167546261e-01 3.722600900134870241e-03 -1.999017265711698806e-03 -2.470820208988022681e-02 -3.726479489761777997e-03 9.999911387188709089e-01 -1.940015976353137890e-03 -1.311435567653840284e-02 1.991780381080795245e-03 1.947442395526351655e-03 9.999962013058231181e-01 8.811709237683587048e-01 9.999984505134397184e-01 1.154598805322637088e-03 -1.354514360579152496e-03 -1.973830116152858194e-02 -1.154147605952152286e-03 9.999992279520824034e-01 3.332444225410471916e-04 -1.074274818052775582e-02 1.354886006875577606e-03 -3.316806258616846847e-04 9.999989611724763305e-01 8.916391188630523601e-01
9.999984505134397184e-01 1.154598805322637088e-03 -1.354514360579152496e-03 -1.973830116152858194e-02 -1.154147605952152286e-03 9.999992279520824034e-01 3.332444225410471916e-04 -1.074274818052775582e-02 1.354886006875577606e-03 -3.316806258616846847e-04 9.999989611724763305e-01 8.916391188630523601e-01 9.999985918117387795e-01 -2.992922209000889585e-04 -1.606270202221718024e-03 -1.914296576598956134e-02 3.019870238533984576e-04 9.999985589547116804e-01 1.680637968258781329e-03 -1.177476976967503641e-02 1.605778331684535503e-03 -1.681121113500093703e-03 9.999973667096623275e-01 9.014412095212236409e-01
9.999985918117387795e-01 -2.992922209000889585e-04 -1.606270202221718024e-03 -1.914296576598956134e-02 3.019870238533984576e-04 9.999985589547116804e-01 1.680637968258781329e-03 -1.177476976967503641e-02 1.605778331684535503e-03 -1.681121113500093703e-03 9.999973667096623275e-01 9.014412095212236409e-01 9.999988813411641031e-01 1.687791263336512002e-04 -1.521157855370469094e-03 -1.457547242951889865e-02 -1.665603987285620266e-04 9.999989345446452793e-01 1.460510846505161907e-03 -1.213727025930458336e-02 1.521400342342031468e-03 -1.460255121950727441e-03 9.999977686218916029e-01 9.059665627472597293e-01
9.999988813411641031e-01 1.687791263336512002e-04 -1.521157855370469094e-03 -1.457547242951889865e-02 -1.665603987285620266e-04 9.999989345446452793e-01 1.460510846505161907e-03 -1.213727025930458336e-02 1.521400342342031468e-03 -1.460255121950727441e-03 9.999977686218916029e-01 9.059665627472597293e-01 9.999991622194536189e-01 -4.857898679793420265e-04 -1.183697577272970359e-03 -1.693099946413190171e-02 4.863452192627860482e-04 9.999997654921080059e-01 4.663144784590163381e-04 -1.199797315698158950e-02 1.183469966314906275e-03 -4.668881408175672349e-04 9.999991877841634125e-01 9.128096070812041773e-01
9.999991622194536189e-01 -4.857898679793420265e-04 -1.183697577272970359e-03 -1.693099946413190171e-02 4.863452192627860482e-04 9.999997654921080059e-01 4.663144784590163381e-04 -1.199797315698158950e-02 1.183469966314906275e-03 -4.668881408175672349e-04 9.999991877841634125e-01 9.128096070812041773e-01 9.999984278562026319e-01 2.394503364213578325e-04 -1.756444590350382312e-03 -1.348959732780530274e-02 -2.405863662677885223e-04 9.999998002992043222e-01 -6.474693875741600662e-04 -1.273321113508368851e-02 1.756285502900566901e-03 6.478916073143105433e-04 9.999981813691999344e-01 9.149121200724188441e-01
9.999984278562026319e-01 2.394503364213578325e-04 -1.756444590350382312e-03 -1.348959732780530274e-02 -2.405863662677885223e-04 9.999998002992043222e-01 -6.474693875741600662e-04 -1.273321113508368851e-02 1.756285502900566901e-03 6.478916073143105433e-04 9.999981813691999344e-01 9.149121200724188441e-01 9.999980376988710784e-01 -1.679587972195360854e-03 -1.054044887720283425e-03 -1.251787018266473095e-02 1.678308454027767523e-03 9.999978382861942627e-01 -1.216347763314620063e-03 -1.265672833885800319e-02 1.056086271881772872e-03 1.214574602082334025e-03 9.999987631935928212e-01 9.183348080866089447e-01
9.999980376988710784e-01 -1.679587972195360854e-03 -1.054044887720283425e-03 -1.251787018266473095e-02 1.678308454027767523e-03 9.999978382861942627e-01 -1.216347763314620063e-03 -1.265672833885800319e-02 1.056086271881772872e-03 1.214574602082334025e-03 9.999987631935928212e-01 9.183348080866089447e-01 9.999996445328397376e-01 -3.115124239226611975e-04 -7.805685596206515071e-04 -1.036800082748762231e-02 3.127471951900528610e-04 9.999987161058858653e-01 1.582862567896779933e-03 -1.050109482194883093e-02 7.800733839488570255e-04 -1.583103977009312630e-03 9.999984252872149426e-01 9.285790905960489283e-01
9.999996445328397376e-01 -3.115124239226611975e-04 -7.805685596206515071e-04 -1.036800082748762231e-02 3.127471951900528610e-04 9.999987161058858653e-01 1.582862567896779933e-03 -1.050109482194883093e-02 7.800733839488570255e-04 -1.583103977009312630e-03 9.999984252872149426e-01 9.285790905960489283e-01 9.999988214221929850e-01 1.526436044767594735e-03 -4.390192637820032449e-05 -1.337881605014357156e-02 -1.526251080382747070e-03 9.999910506132915211e-01 3.931831892820716878e-03 -1.393758033309516753e-02 4.990237990810875363e-05 -3.931762231997353724e-03 9.999922389489372954e-01 9.359477674869580710e-01
9.999988214221929850e-01 1.526436044767594735e-03 -4.390192637820032449e-05 -1.337881605014357156e-02 -1.526251080382747070e-03 9.999910506132915211e-01 3.931831892820716878e-03 -1.393758033309516753e-02 4.990237990810875363e-05 -3.931762231997353724e-03 9.999922389489372954e-01 9.359477674869580710e-01 9.999995228083993215e-01 6.268926418859806617e-04 8.067136028221750165e-04 -1.074924520192854782e-02 -6.298710184308447960e-04 9.999929470273754006e-01 3.699328372356645075e-03 -1.835044513508538033e-02 -8.043964164395028642e-04 -3.699832082994948708e-03 9.999928885359943287e-01 9.370919004010573872e-01
9.999995228083993215e-01 6.268926418859806617e-04 8.067136028221750165e-04 -1.074924520192854782e-02 -6.298710184308447960e-04 9.999929470273754006e-01 3.699328372356645075e-03 -1.835044513508538033e-02 -8.043964164395028642e-04 -3.699832082994948708e-03 9.999928885359943287e-01 9.370919004010573872e-01 9.999984058961416400e-01 -1.056038004309614977e-03 1.424935394775196477e-03 -8.117019939748060242e-03 1.052349794579306380e-03 9.999961238066158442e-01 2.581542688089732366e-03 -1.715773922529395534e-02 -1.427656782080772343e-03 -2.580038818165792270e-03 9.999955769941780703e-01 9.438174133022485535e-01
9.999984058961416400e-01 -1.056038004309614977e-03 1.424935394775196477e-03 -8.117019939748060242e-03 1.052349794579306380e-03 9.999961238066158442e-01 2.581542688089732366e-03 -1.715773922529395534e-02 -1.427656782080772343e-03 -2.580038818165792270e-03 9.999955769941780703e-01 9.438174133022485535e-01 9.999988982092177237e-01 -2.516102753175568775e-04 1.438636000191574702e-03 -9.376519694076324019e-03 2.498959335940334394e-04 9.999992971677604814e-01 1.195682655203245820e-03 -1.629520477414014845e-02 -1.438934435760547224e-03 -1.195322788438702962e-03 9.999982459063000428e-01 9.466943282673163651e-01
9.999988982092177237e-01 -2.516102753175568775e-04 1.438636000191574702e-03 -9.376519694076324019e-03 2.498959335940334394e-04 9.999992971677604814e-01 1.195682655203245820e-03 -1.629520477414014845e-02 -1.438934435760547224e-03 -1.195322788438702962e-03 9.999982459063000428e-01 9.466943282673163651e-01 9.999992506829493699e-01 3.516620081624978944e-04 1.183469922330404904e-03 -1.016106864808963284e-02 -3.486348491011931209e-04 9.999966986558114224e-01 -2.558042832403970793e-03 -1.729233980969513418e-02 -1.184350431145813742e-03 2.557630282896723381e-03 9.999961123426474030e-01 9.492164719683593432e-01
9.999992506829493699e-01 3.516620081624978944e-04 1.183469922330404904e-03 -1.016106864808963284e-02 -3.486348491011931209e-04 9.999966986558114224e-01 -2.558042832403970793e-03 -1.729233980969513418e-02 -1.184350431145813742e-03 2.557630282896723381e-03 9.999961123426474030e-01 9.492164719683593432e-01 9.999988065060474440e-01 1.231759856201994525e-03 9.467059768729125819e-04 -1.166297241229008463e-02 -1.226748717637119379e-03 9.999853541676322344e-01 -5.271330333755583353e-03 -1.714116323955316989e-02 -9.531927236260116006e-04 5.270164010278501066e-03 9.999856516017739949e-01 9.530788305861470633e-01
9.999988065060474440e-01 1.231759856201994525e-03 9.467059768729125819e-04 -1.166297241229008463e-02 -1.226748717637119379e-03 9.999853541676322344e-01 -5.271330333755583353e-03 -1.714116323955316989e-02 -9.531927236260116006e-04 5.270164010278501066e-03 9.999856516017739949e-01 9.530788305861470633e-01 9.999990220284202813e-01 -5.630907687634862779e-04 1.239298635821965613e-03 -9.804483201354630140e-03 5.674353425238114288e-04 9.999935824294834408e-01 -3.510190288895709710e-03 -1.339048825593208703e-02 -1.237316371079652706e-03 3.510891069410284736e-03 9.999930787449687886e-01 9.598915731461374889e-01
9.999990220284202813e-01 -5.630907687634862779e-04 1.239298635821965613e-03 -9.804483201354630140e-03 5.674353425238114288e-04 9.999935824294834408e-01 -3.510190288895709710e-03 -1.339048825593208703e-02 -1.237316371079652706e-03 3.510891069410284736e-03 9.999930787449687886e-01 9.598915731461374889e-01 9.999967313738907793e-01 -2.464883014964570126e-03 7.136698467327416478e-04 -8.879092250171638501e-03 2.464019150845051312e-03 9.999962286878782969e-01 1.217098462751223633e-03 -1.164149719697510355e-02 -7.166662008330796849e-04 -1.215341456536424324e-03 9.999989511738197612e-01 9.697591025637706252e-01
9.999967313738907793e-01 -2.464883014964570126e-03 7.136698467327416478e-04 -8.879092250171638501e-03 2.464019150845051312e-03 9.999962286878782969e-01 1.217098462751223633e-03 -1.164149719697510355e-02 -7.166662008330796849e-04 -1.215341456536424324e-03 9.999989511738197612e-01 9.697591025637706252e-01 9.999982299238172612e-01 -1.893078248577782135e-03 -2.098698520032062738e-04 -1.014617363442515963e-02 1.894077346635910600e-03 9.999862417610904108e-01 4.892509573229699565e-03 -1.080143466327376789e-02 2.006032606274102414e-04 -4.892899643535323154e-03 9.999879881113975522e-01 9.769179628397246518e-01
9.999982299238172612e-01 -1.893078248577782135e-03 -2.098698520032062738e-04 -1.014617363442515963e-02 1.894077346635910600e-03 9.999862417610904108e-01 4.892509573229699565e-03 -1.080143466327376789e-02 2.006032606274102414e-04 -4.892899643535323154e-03 9.999879881113975522e-01 9.769179628397246518e-01 9.999936911208704426e-01 -3.406344358135708541e-03 -9.432063213065175608e-04 -1.014224227083870833e-02 3.410136940486221263e-03 9.999860530738687858e-01 4.050341483809703942e-03 -1.517334273869008765e-02 9.293949523915714765e-04 -4.053528590640733190e-03 9.999914209661123765e-01 9.806600163356478106e-01
9.999936911208704426e-01 -3.406344358135708541e-03 -9.432063213065175608e-04 -1.014224227083870833e-02 3.410136940486221263e-03 9.999860530738687858e-01 4.050341483809703942e-03 -1.517334273869008765e-02 9.293949523915714765e-04 -4.053528590640733190e-03 9.999914209661123765e-01 9.806600163356478106e-01 9.999700862347757901e-01 -7.669712033754112757e-03 -1.075662522125811569e-03 -1.461387670769975777e-03 7.669309412690608271e-03 9.999705149881661370e-01 -3.790483511930418719e-04 -1.572271716543860443e-02 1.078542837156365106e-03 3.707874227454746661e-04 9.999993329066534375e-01 9.804910635177392919e-01
9.999700862347757901e-01 -7.669712033754112757e-03 -1.075662522125811569e-03 -1.461387670769975777e-03 7.669309412690608271e-03 9.999705149881661370e-01 -3.790483511930418719e-04 -1.572271716543860443e-02 1.078542837156365106e-03 3.707874227454746661e-04 9.999993329066534375e-01 9.804910635177392919e-01 9.999944447326356567e-01 -2.898484019476388167e-03 -1.619037171496812881e-03 -7.305116031966707446e-03 2.892106004930197066e-03 9.999881230987116565e-01 -3.928376949347619530e-03 -1.417307203668916049e-02 1.630404483559079075e-03 3.923674317933251166e-03 9.999909573707492783e-01 9.804408043208852064e-01
9.999944447326356567e-01 -2.898484019476388167e-03 -1.619037171496812881e-03 -7.305116031966707446e-03 2.892106004930197066e-03 9.999881230987116565e-01 -3.928376949347619530e-03 -1.417307203668916049e-02 1.630404483559079075e-03 3.923674317933251166e-03 9.999909573707492783e-01 9.804408043208852064e-01 9.999983068221022231e-01 1.002985102555503660e-03 -1.560948880259069782e-03 -1.353337300850776526e-02 -1.009817244401786012e-03 9.999898083435367901e-01 -4.382375833237090422e-03 -1.500404589771664465e-02 1.556545714438896172e-03 4.383939902661209559e-03 9.999892095746550913e-01 9.856236724235785118e-01
9.999983068221022231e-01 1.002985102555503660e-03 -1.560948880259069782e-03 -1.353337300850776526e-02 -1.009817244401786012e-03 9.999898083435367901e-01 -4.382375833237090422e-03 -1.500404589771664465e-02 1.556545714438896172e-03 4.383939902661209559e-03 9.999892095746550913e-01 9.856236724235785118e-01 9.999979948445346656e-01 6.314237787656518889e-04 -1.902840723087820783e-03 -1.514226981354982460e-02 -6.338356878528947792e-04 9.999990181983818838e-01 -1.267021705283658851e-03 -2.384150167895837669e-02 1.902025804751041743e-03 1.268226624503916364e-03 9.999973185577893942e-01 1.012958801711612011e+00
9.999979948445346656e-01 6.314237787656518889e-04 -1.902840723087820783e-03 -1.514226981354982460e-02 -6.338356878528947792e-04 9.999990181983818838e-01 -1.267021705283658851e-03 -2.384150167895837669e-02 1.902025804751041743e-03 1.268226624503916364e-03 9.999973185577893942e-01 1.012958801711612011e+00 9.999994170473300859e-01 -1.611813139260631373e-04 -1.062594582448972555e-03 -1.602468491504638326e-02 1.634560206557010282e-04 9.999977024765085432e-01 2.140936081940981311e-03 -4.448487451119803593e-02 1.062249111246854746e-03 -2.141104058750041301e-03 9.999971991231747515e-01 1.059393759393458367e+00
9.999994170473300859e-01 -1.611813139260631373e-04 -1.062594582448972555e-03 -1.602468491504638326e-02 1.634560206557010282e-04 9.999977024765085432e-01 2.140936081940981311e-03 -4.448487451119803593e-02 1.062249111246854746e-03 -2.141104058750041301e-03 9.999971991231747515e-01 1.059393759393458367e+00 9.999943826712546224e-01 3.184149157405260968e-03 -1.012433658326696191e-03 -1.899664344383800163e-02 -3.180963760860391377e-03 9.999900009094847553e-01 3.133114416985172731e-03 -3.766493773853907268e-02 1.022402578311432109e-03 -3.129884508801927118e-03 9.999945831846178690e-01 1.043781772249133155e+00
9.999943826712546224e-01 3.184149157405260968e-03 -1.012433658326696191e-03 -1.899664344383800163e-02 -3.180963760860391377e-03 9.999900009094847553e-01 3.133114416985172731e-03 -3.766493773853907268e-02 1.022402578311432109e-03 -3.129884508801927118e-03 9.999945831846178690e-01 1.043781772249133155e+00 9.999991146371151052e-01 1.940663103451218969e-04 -1.293488674506924029e-03 -1.619238580574544617e-02 -1.927877875630011519e-04 9.999994939787784087e-01 9.882480411345377809e-04 -4.080255158062418008e-02 1.293677357307423037e-03 -9.879919506801642781e-04 9.999986552413213658e-01 1.045620277603603654e+00
9.999991146371151052e-01 1.940663103451218969e-04 -1.293488674506924029e-03 -1.619238580574544617e-02 -1.927877875630011519e-04 9.999994939787784087e-01 9.882480411345377809e-04 -4.080255158062418008e-02 1.293677357307423037e-03 -9.879919506801642781e-04 9.999986552413213658e-01 1.045620277603603654e+00 9.999992414726336376e-01 7.671891019818657042e-04 -9.928801301873750075e-04 -1.354434735678525237e-02 -7.648982841303173311e-04 9.999970615227249393e-01 2.305737290207574095e-03 -3.089754415020384837e-02 9.946574122817394836e-04 -2.304973769862971207e-03 9.999968826271082856e-01 1.034512785657874190e+00
9.999992414726336376e-01 7.671891019818657042e-04 -9.928801301873750075e-04 -1.354434735678525237e-02 -7.648982841303173311e-04 9.999970615227249393e-01 2.305737290207574095e-03 -3.089754415020384837e-02 9.946574122817394836e-04 -2.304973769862971207e-03 9.999968826271082856e-01 1.034512785657874190e+00 9.999998671693801633e-01 -5.826387568303729092e-04 -5.607316694411248169e-05 -1.348718564968265365e-02 5.828489542289490722e-04 9.999924923950409550e-01 3.824246728675404199e-03 -3.307936228835828274e-02 5.383846829042848389e-05 -3.824279929178157900e-03 9.999926750617629256e-01 1.037262653480603092e+00
9.999998671693801633e-01 -5.826387568303729092e-04 -5.607316694411248169e-05 -1.348718564968265365e-02 5.828489542289490722e-04 9.999924923950409550e-01 3.824246728675404199e-03 -3.307936228835828274e-02 5.383846829042848389e-05 -3.824279929178157900e-03 9.999926750617629256e-01 1.037262653480603092e+00 9.999824862787548563e-01 5.898817870584266779e-03 -4.577432525007286437e-04 -2.274018570637162395e-02 -5.898023970219695017e-03 9.999811521092430988e-01 1.720101746419449174e-03 -2.698576078563674763e-02 4.678766146018490594e-04 -1.717372413542509043e-03 9.999983473367239917e-01 1.025170200985108693e+00
9.999824862787548563e-01 5.898817870584266779e-03 -4.577432525007286437e-04 -2.274018570637162395e-02 -5.898023970219695017e-03 9.999811521092430988e-01 1.720101746419449174e-03 -2.698576078563674763e-02 4.678766146018490594e-04 -1.717372413542509043e-03 9.999983473367239917e-01 1.025170200985108693e+00 9.999998940006402659e-01 4.709051737415084087e-04 8.466400227997364217e-05 -1.810031247664256604e-02 -4.709311927051399935e-04 9.999998634494082772e-01 3.057299225237406393e-04 -2.900923517841746957e-02 -8.451315909625267404e-05 -3.057695492732289571e-04 1.000000040936859236e+00 1.024291135319231216e+00
9.999998940006402659e-01 4.709051737415084087e-04 8.466400227997364217e-05 -1.810031247664256604e-02 -4.709311927051399935e-04 9.999998634494082772e-01 3.057299225237406393e-04 -2.900923517841746957e-02 -8.451315909625267404e-05 -3.057695492732289571e-04 1.000000040936859236e+00 1.024291135319231216e+00 9.999999766357993147e-01 -1.866729751854234113e-04 -1.445019253986348144e-04 -1.451244141619284500e-02 1.864148655216501540e-04 9.999983641223691988e-01 -1.781420775578066752e-03 -2.421242943322110541e-02 1.448303942817794066e-04 1.781393865827704277e-03 9.999983890189881874e-01 1.012126024670152447e+00
9.999999766357993147e-01 -1.866729751854234113e-04 -1.445019253986348144e-04 -1.451244141619284500e-02 1.864148655216501540e-04 9.999983641223691988e-01 -1.781420775578066752e-03 -2.421242943322110541e-02 1.448303942817794066e-04 1.781393865827704277e-03 9.999983890189881874e-01 1.012126024670152447e+00 9.999969334797921272e-01 2.451790124166217805e-03 2.398031445834455249e-04 -1.977375120990515489e-02 -2.451105548081573045e-03 9.999930481959952155e-01 -2.813904124147903214e-03 -2.705449852731622862e-02 -2.467031230789546608e-04 2.813306201488283750e-03 9.999959694234012986e-01 1.007356666911434218e+00
9.999969334797921272e-01 2.451790124166217805e-03 2.398031445834455249e-04 -1.977375120990515489e-02 -2.451105548081573045e-03 9.999930481959952155e-01 -2.813904124147903214e-03 -2.705449852731622862e-02 -2.467031230789546608e-04 2.813306201488283750e-03 9.999959694234012986e-01 1.007356666911434218e+00 9.999995266233366875e-01 -1.691904549433046248e-04 -9.739626630235130285e-04 -1.358778452336301124e-02 1.690785678265995385e-04 1.000000047847751317e+00 -1.140149225231889803e-04 -2.793398931141721775e-02 9.739865176203004989e-04 1.138509265567536473e-04 9.999995615087994283e-01 1.003175166127974194e+00
9.999995266233366875e-01 -1.691904549433046248e-04 -9.739626630235130285e-04 -1.358778452336301124e-02 1.690785678265995385e-04 1.000000047847751317e+00 -1.140149225231889803e-04 -2.793398931141721775e-02 9.739865176203004989e-04 1.138509265567536473e-04 9.999995615087994283e-01 1.003175166127974194e+00 9.999970952077001929e-01 -2.026268580911743961e-03 -1.318846355019944253e-03 -1.046916540725523204e-02 2.028299503123727910e-03 9.999967087832514201e-01 1.539591233019718631e-03 -2.465049718394052292e-02 1.315718980132459795e-03 -1.542261938870247021e-03 9.999978662181835398e-01 1.001338073830069675e+00
9.999970952077001929e-01 -2.026268580911743961e-03 -1.318846355019944253e-03 -1.046916540725523204e-02 2.028299503123727910e-03 9.999967087832514201e-01 1.539591233019718631e-03 -2.465049718394052292e-02 1.315718980132459795e-03 -1.542261938870247021e-03 9.999978662181835398e-01 1.001338073830069675e+00 9.999996137392299644e-01 1.454412928134929135e-04 -8.738624400397598281e-04 -1.458162529359940951e-02 -1.445584289969388374e-04 9.999995227704573386e-01 1.010476762647369905e-03 -2.843536714019334610e-02 8.740034091221658740e-04 -1.010350160654452118e-03 9.999991526360176852e-01 9.971161925077112187e-01
9.999996137392299644e-01 1.454412928134929135e-04 -8.738624400397598281e-04 -1.458162529359940951e-02 -1.445584289969388374e-04 9.999995227704573386e-01 1.010476762647369905e-03 -2.843536714019334610e-02 8.740034091221658740e-04 -1.010350160654452118e-03 9.999991526360176852e-01 9.971161925077112187e-01 9.999957349673790352e-01 2.888536730646542108e-03 -2.678099930827899217e-04 -1.903043275461455131e-02 -2.889108502732026622e-03 9.999934124587415152e-01 -2.172660438900197739e-03 -2.819369160075413383e-02 2.615404320081259342e-04 2.173426296110462543e-03 9.999976364564135967e-01 9.884513534506567112e-01
9.999957349673790352e-01 2.888536730646542108e-03 -2.678099930827899217e-04 -1.903043275461455131e-02 -2.889108502732026622e-03 9.999934124587415152e-01 -2.172660438900197739e-03 -2.819369160075413383e-02 2.615404320081259342e-04 2.173426296110462543e-03 9.999976364564135967e-01 9.884513534506567112e-01 9.999994925953783476e-01 6.998790681845059322e-04 -7.387223057363127105e-04 -1.781875242527661274e-02 -7.038929744455676551e-04 9.999849529584885488e-01 -5.435252821031145640e-03 -2.454624221949641694e-02 7.349131774848107184e-04 5.435766379300173597e-03 9.999849466773903517e-01 9.800715404192601454e-01
9.999994925953783476e-01 6.998790681845059322e-04 -7.387223057363127105e-04 -1.781875242527661274e-02 -7.038929744455676551e-04 9.999849529584885488e-01 -5.435252821031145640e-03 -2.454624221949641694e-02 7.349131774848107184e-04 5.435766379300173597e-03 9.999849466773903517e-01 9.800715404192601454e-01 9.999998293433119967e-01 4.550943672032386990e-04 -4.651192978073564153e-04 -1.293043378560593260e-02 -4.554635867262962637e-04 9.999996506544461816e-01 -7.970490812061363029e-04 -1.742682915621229789e-02 4.647473786363506810e-04 7.972554180483580524e-04 9.999995011085319740e-01 9.842478589964827052e-01
9.999998293433119967e-01 4.550943672032386990e-04 -4.651192978073564153e-04 -1.293043378560593260e-02 -4.554635867262962637e-04 9.999996506544461816e-01 -7.970490812061363029e-04 -1.742682915621229789e-02 4.647473786363506810e-04 7.972554180483580524e-04 9.999995011085319740e-01 9.842478589964827052e-01 9.999997649032313918e-01 -5.594880717948038469e-04 -3.087922860049209257e-04 -1.037966520593849862e-02 5.604924073626243184e-04 9.999944832244345161e-01 3.257618585141273428e-03 -2.297769732223353678e-02 3.069706375546901365e-04 -3.257783146516782420e-03 9.999947137976180622e-01 9.832413479520596411e-01
9.999997649032313918e-01 -5.594880717948038469e-04 -3.087922860049209257e-04 -1.037966520593849862e-02 5.604924073626243184e-04 9.999944832244345161e-01 3.257618585141273428e-03 -2.297769732223353678e-02 3.069706375546901365e-04 -3.257783146516782420e-03 9.999947137976180622e-01 9.832413479520596411e-01 9.999958336624220623e-01 -2.877891429241705157e-03 -3.210629988011076815e-04 -9.234164468183092556e-03 2.878875002488699274e-03 9.999910594504124450e-01 3.096468122569104829e-03 -2.073869482375267914e-02 3.121482568711562294e-04 -3.097380182321768632e-03 9.999950885524041544e-01 9.788827734076122056e-01
9.999958336624220623e-01 -2.877891429241705157e-03 -3.210629988011076815e-04 -9.234164468183092556e-03 2.878875002488699274e-03 9.999910594504124450e-01 3.096468122569104829e-03 -2.073869482375267914e-02 3.121482568711562294e-04 -3.097380182321768632e-03 9.999950885524041544e-01 9.788827734076122056e-01 9.999991352067438832e-01 -1.267038305696245939e-03 -2.867317480939091698e-04 -1.032103450742191675e-02 1.267284557166687819e-03 9.999988421430704433e-01 8.596248011373322766e-04 -2.261688920694870930e-02 2.856472504520913961e-04 -8.599875366218253086e-04 9.999996550150480612e-01 9.722799234422865311e-01
9.999991352067438832e-01 -1.267038305696245939e-03 -2.867317480939091698e-04 -1.032103450742191675e-02 1.267284557166687819e-03 9.999988421430704433e-01 8.596248011373322766e-04 -2.261688920694870930e-02 2.856472504520913961e-04 -8.599875366218253086e-04 9.999996550150480612e-01 9.722799234422865311e-01 9.999953957889529121e-01 -3.021408371894016617e-03 -1.856344088139813976e-04 -7.473498397799455129e-03 3.021243705087492577e-03 9.999950300011389848e-01 -8.826379412930233708e-04 -2.076815803351883538e-02 1.882915577459037327e-04 8.820727784450108381e-04 9.999995270085142440e-01 9.651751127375192141e-01
9.999953957889529121e-01 -3.021408371894016617e-03 -1.856344088139813976e-04 -7.473498397799455129e-03 3.021243705087492577e-03 9.999950300011389848e-01 -8.826379412930233708e-04 -2.076815803351883538e-02 1.882915577459037327e-04 8.820727784450108381e-04 9.999995270085142440e-01 9.651751127375192141e-01 9.999943132756822228e-01 -3.334799764528663737e-03 -5.501103178327976543e-04 -3.279809933274230316e-03 3.333816096696933309e-03 9.999929270938578973e-01 -1.780735610339739556e-03 -1.961674583183437015e-02 5.560438506254869202e-04 1.778894321781763392e-03 9.999983150745183069e-01 9.656452026905952835e-01
9.999943132756822228e-01 -3.334799764528663737e-03 -5.501103178327976543e-04 -3.279809933274230316e-03 3.333816096696933309e-03 9.999929270938578973e-01 -1.780735610339739556e-03 -1.961674583183437015e-02 5.560438506254869202e-04 1.778894321781763392e-03 9.999983150745183069e-01 9.656452026905952835e-01 9.999981819396008831e-01 -1.499414206948541115e-03 -1.207655432515452243e-03 -7.910358560978741904e-03 1.500521856194388711e-03 9.999984152639606050e-01 9.170375103414626613e-04 -1.720647399383934406e-02 1.206274538164291144e-03 -9.188505235502074462e-04 9.999988424448752466e-01 9.608228809305074947e-01
9.999981819396008831e-01 -1.499414206948541115e-03 -1.207655432515452243e-03 -7.910358560978741904e-03 1.500521856194388711e-03 9.999984152639606050e-01 9.170375103414626613e-04 -1.720647399383934406e-02 1.206274538164291144e-03 -9.188505235502074462e-04 9.999988424448752466e-01 9.608228809305074947e-01 9.999947318045827593e-01 -3.044450063035056969e-03 -1.097344424506337297e-03 -5.055260660721414001e-03 3.049137591004193442e-03 9.999860847631170113e-01 4.294885714515611630e-03 -1.508039394090210372e-02 1.084268142368487002e-03 -4.298207826347510453e-03 9.999902260542220533e-01 9.642033997030878822e-01
9.999947318045827593e-01 -3.044450063035056969e-03 -1.097344424506337297e-03 -5.055260660721414001e-03 3.049137591004193442e-03 9.999860847631170113e-01 4.294885714515611630e-03 -1.508039394090210372e-02 1.084268142368487002e-03 -4.298207826347510453e-03 9.999902260542220533e-01 9.642033997030878822e-01 9.999980877447428584e-01 -1.911545814261766474e-03 -4.703564138914306304e-04 -1.094497730491264878e-02 1.914130007149165589e-03 9.999827430737411316e-01 5.554242962389754727e-03 -1.332830270205964673e-02 4.597287505248316415e-04 -5.555131504633469171e-03 9.999844483836963782e-01 9.638789648640582186e-01
9.999980877447428584e-01 -1.911545814261766474e-03 -4.703564138914306304e-04 -1.094497730491264878e-02 1.914130007149165589e-03 9.999827430737411316e-01 5.554242962389754727e-03 -1.332830270205964673e-02 4.597287505248316415e-04 -5.555131504633469171e-03 9.999844483836963782e-01 9.638789648640582186e-01 9.999987728363061157e-01 1.440240846267848733e-03 -5.367155432657998593e-04 -1.595932002155637727e-02 -1.439157111859249447e-03 9.999969749714587852e-01 2.014637685979299951e-03 -1.929218435991586489e-02 5.396059682314485436e-04 -2.013863037530085227e-03 9.999977944284215159e-01 9.540093057052274617e-01
9.999987728363061157e-01 1.440240846267848733e-03 -5.367155432657998593e-04 -1.595932002155637727e-02 -1.439157111859249447e-03 9.999969749714587852e-01 2.014637685979299951e-03 -1.929218435991586489e-02 5.396059682314485436e-04 -2.013863037530085227e-03 9.999977944284215159e-01 9.540093057052274617e-01 9.999975536915193253e-01 1.627263127930578127e-03 -1.523509790538030585e-03 -1.162486630301258310e-02 -1.630726783223214894e-03 9.999960703197242617e-01 -2.274256711075429982e-03 -2.417995065633871121e-02 1.519808697622443416e-03 2.276735906791118105e-03 9.999962116532160605e-01 9.432538525305176336e-01
9.999975536915193253e-01 1.627263127930578127e-03 -1.523509790538030585e-03 -1.162486630301258310e-02 -1.630726783223214894e-03 9.999960703197242617e-01 -2.274256711075429982e-03 -2.417995065633871121e-02 1.519808697622443416e-03 2.276735906791118105e-03 9.999962116532160605e-01 9.432538525305176336e-01 9.999973635466438138e-01 1.680103704409497377e-03 -1.551570683771006558e-03 -5.857719957766835406e-03 -1.693195419638883958e-03 9.999627060794065159e-01 -8.475710921373157472e-03 -2.334395913534881295e-02 1.537270484023378538e-03 8.478314495849929508e-03 9.999629130856132475e-01 9.270191078417084896e-01
9.999973635466438138e-01 1.680103704409497377e-03 -1.551570683771006558e-03 -5.857719957766835406e-03 -1.693195419638883958e-03 9.999627060794065159e-01 -8.475710921373157472e-03 -2.334395913534881295e-02 1.537270484023378538e-03 8.478314495849929508e-03 9.999629130856132475e-01 9.270191078417084896e-01 9.999986718063664792e-01 1.161127514988461026e-03 -1.124813360597785904e-03 -4.027972236808619044e-03 -1.167484297359292888e-03 9.999832557212148254e-01 -5.667349246343104247e-03 -1.977027348469673207e-02 1.118217378345847616e-03 5.668664913726942541e-03 9.999833641852474697e-01 9.173350233229413675e-01
