9.999967999996983714e-01 -1.958988012141794997e-03 -1.630129170451822054e-03 3.499722903745231678e-03 1.957400987442375461e-03 9.999975999996774112e-01 -9.745060562301359822e-04 -9.789328201448413425e-03 1.632034828839420797e-03 9.713119440844915570e-04 9.999982000006250038e-01 5.653511000028906830e-01
9.999991441717476226e-01 -5.138761561595568813e-04 -1.128339424440730947e-03 -1.432853549109026469e-03 5.123641478894089057e-04 9.999989112473167685e-01 -1.340118420715792017e-03 -1.207470003646698119e-02 1.129026763390912321e-03 1.339538832561289585e-03 9.999984431601357526e-01 5.622709788595682268e-01
9.999983558000432593e-01 -4.980071227803489076e-05 -1.828062275450228254e-03 -7.501553359847245098e-03 4.759777805489975611e-05 9.999993151711773498e-01 -1.205286607870616330e-03 -1.767643035958103848e-02 1.828121472044137111e-03 1.205196943196670464e-03 9.999976325038681946e-01 5.616831996137061633e-01
9.999957978908941003e-01 -2.111821617839806497e-03 -2.019303229945589983e-03 -4.714454151949903048e-03 2.107960885251326973e-03 9.999959338680195486e-01 -1.912318234807399960e-03 -1.582208235234059540e-02 2.023332469489402298e-03 1.908052934796558445e-03 9.999960899855298013e-01 5.621576418505376260e-01
9.999956479480751614e-01 -2.472050683922437288e-03 -1.567362617896187220e-03 -1.649416591812588422e-03 2.468730168057293919e-03 9.999947121435746045e-01 -2.117989880186975631e-03 -1.192282635174256311e-02 1.572590212151406481e-03 2.114111114276865429e-03 9.999965420041864173e-01 5.648721369230371714e-01
9.999983988373795096e-01 -1.169335479316516678e-03 -1.392975082433234573e-03 -4.697164908309554507e-03 1.168051798880196833e-03 9.999989361787914310e-01 -9.218983076442739764e-04 -1.217009078632532576e-02 1.394052180417602524e-03 9.202709056282312033e-04 9.999986555164502855e-01 5.743745099560109146e-01
9.999989714739954128e-01 -2.213771341775918125e-04 -1.365384653412346017e-03 -6.424288876219983943e-03 2.224294632976286760e-04 9.999996748970598759e-01 7.698677114357991950e-04 -1.409418856483066196e-02 1.365214067768293158e-03 -7.701718832949273766e-04 9.999987364169014015e-01 5.794357092210855598e-01
9.999993460055645045e-01 -2.839643805838067592e-04 -1.157271827186547638e-03 -8.179010245732948325e-03 2.837253680346685215e-04 9.999998863426645679e-01 -2.056144229733349190e-04 -2.033520826663491599e-02 1.157320434427970253e-03 2.052860412297553405e-04 9.999992749973046768e-01 5.870128624276409468e-01
9.999991249988336994e-01 5.620342266999227157e-04 -1.203347593357279336e-03 -7.129065135484341162e-03 -5.649618723690603452e-04 9.999968687070968087e-01 -2.433170966037195675e-03 -1.795724194115393135e-02 1.201982042397232086e-03 2.433845412140436381e-03 9.999964068510348580e-01 5.945486362672252056e-01
9.999977478641021156e-01 1.750523141272904972e-03 -1.175168790239660690e-03 -1.007376278595197364e-02 -1.755079724261482919e-03 9.999909042563358552e-01 -3.887618457294635555e-03 -1.646269730267477249e-02 1.168358840699351697e-03 3.889675776248008570e-03 9.999916781803169785e-01 6.012109960480733761e-01
9.999980200236087136e-01 1.551210366240382988e-03 -1.246761523400658411e-03 -8.737164463508556578e-03 -1.555864346370481243e-03 9.999918238590154163e-01 -3.740781649661780416e-03 -1.049039598920512018e-02 1.240944010473738314e-03 3.742720347999918106e-03 9.999922902956560611e-01 6.130587156771118984e-01
9.999981868687277675e-01 1.471605740166338988e-03 -1.197122697122457967e-03 -8.651468684717958380e-03 -1.472557873858345700e-03 9.999985924527015069e-01 -7.938699975139316967e-04 -7.786837657335066165e-03 1.195958746968172649e-03 7.956154299721726175e-04 9.999989610148150021e-01 6.261390210485622276e-01
9.999965416541765073e-01 2.403263453538545362e-03 -1.057192314449654667e-03 -9.740898930013529300e-03 -2.396399063457046487e-03 9.999763966419235039e-01 6.447173370932355631e-03 -5.580572977826672720e-03 1.072651598687826080e-03 -6.444615602168853735e-03 9.999786052150525517e-01 6.484509035168990465e-01
9.999993948276337807e-01 8.358169294572790134e-04 -7.692051491125307186e-04 -8.157328976751775096e-03 -8.275951027341814934e-04 9.999431491667003513e-01 1.062766966341484667e-02 -9.393659741598447965e-03 7.780445843434861215e-04 -1.062701877523231954e-02 9.999432342174666699e-01 6.649288568519029496e-01
9.999993386784955529e-01 9.563503297249997077e-04 -7.014281393396419638e-04 -7.337758254329257088e-03 -9.512463328074032649e-04 9.999732926743112316e-01 7.240806188987736723e-03 -1.833919278793222363e-02 7.083347168290723625e-04 -7.240132117110982188e-03 9.999735400527515194e-01 6.765604419588289176e-01
9.999963277176746601e-01 2.383929039560831083e-03 -1.251061961908177820e-03 -9.981097241387657665e-03 -2.383806246147269700e-03 9.999971756785467347e-01 1.004684159365370989e-04 -2.237857373234503067e-02 1.251300645365049490e-03 -9.748545436044602885e-05 9.999991825532514866e-01 6.837439219387828615e-01
9.999969831248053387e-01 2.317936288424361259e-03 -8.176303370243831904e-04 -1.096295182463122644e-02 -2.323883053193245927e-03 9.999702776110080960e-01 -7.348037404058337108e-03 -1.502356168229929123e-02 8.005782261943767374e-04 7.349912400731581710e-03 9.999727670294766835e-01 6.920644911815490019e-01
9.999993968449371051e-01 -5.901160254212084455e-04 -9.296311213189741712e-04 -5.517728717441454725e-03 5.834846064411429618e-04 9.999745558285295655e-01 -7.117318599759569347e-03 -4.373125340010719508e-03 9.338017862605250572e-04 7.116769371349078444e-03 9.999741442021661264e-01 7.108414241938483258e-01
9.999966906079590379e-01 -2.205319173689711341e-03 -1.325894405904191539e-03 1.338186553574201992e-04 2.206060368670315335e-03 9.999973629592583402e-01 5.573075759159990764e-04 4.840373254163810035e-04 1.324663653586308351e-03 -5.602301671200432759e-04 9.999989619628160131e-01 7.343664220475076831e-01
9.999994372122787967e-01 -9.604261219165115097e-04 -4.374615790166488005e-04 6.071112047832104633e-03 9.646776667998588654e-04 9.999513036616858308e-01 9.821891026390359644e-03 8.710241205158175681e-04 4.280141250652921598e-04 -9.822304333361821238e-03 9.999517470342016434e-01 7.603995317868879056e-01
9.999998135711739566e-01 -4.608852250124319890e-04 -4.338402947897651422e-04 4.679655445899950222e-03 4.643212724191023199e-04 9.999682486899332812e-01 7.955121499485016609e-03 -5.673615376858065495e-03 4.301543486728283774e-04 -7.955319288147818732e-03 9.999682181046855023e-01 7.766062344148370045e-01
9.999994505797494826e-01 -9.354911455463330071e-04 -4.612610094857612711e-04 2.791954692223180823e-03 9.367718959213249550e-04 9.999957137847659272e-01 2.783770919381787796e-03 -1.143937990070836852e-02 4.586525123359931145e-04 -2.784201326927698925e-03 9.999960523442160687e-01 7.888872187794770952e-01
9.999977593506429452e-01 -2.116902985192196419e-03 -2.561407921615725821e-04 5.872973475437436031e-03 2.116648493482930788e-03 9.999973103257595586e-01 -9.920339656778415314e-04 -1.064539941283559887e-02 2.582449021806556243e-04 9.914851306823296070e-04 9.999994901706621420e-01 8.036748895126315517e-01
9.999996357745829512e-01 -7.488738247566662258e-04 2.906493090858531863e-04 2.728078779593037795e-03 7.496458667943901259e-04 9.999960953339864789e-01 -2.663526243728437000e-03 -9.080331007354169870e-03 -2.886528754428428116e-04 2.663747164891991717e-03 9.999963990310488660e-01 8.213332443671816918e-01
9.999970572627799870e-01 2.343940080606970403e-03 6.636323246401109547e-04 7.369354941156751326e-03 -2.341615418856551889e-03 9.999912578624045034e-01 -3.483768733552105278e-03 -8.384898501654802772e-03 -6.717915092601063403e-04 3.482204035027731178e-03 9.999937236712433952e-01 8.329644420261352877e-01
9.999962257523227205e-01 -2.565757449758219923e-03 9.806895669135255386e-04 1.303806716087356488e-02 2.570925023156647553e-03 9.999826065030977817e-01 -5.304440352658605119e-03 -1.065913399624318636e-02 -9.670655107926169960e-04 5.306940284733419576e-03 9.999853867184348433e-01 8.462398722923119010e-01
9.999959505371504020e-01 -2.763430287754613853e-03 6.015951709871028563e-04 1.750837069127253454e-02 2.767111763472239038e-03 9.999769446752084789e-01 -6.204459815836334095e-03 -1.310251442834614588e-02 -5.844307393540484029e-04 6.206098972739744826e-03 9.999806373817200500e-01 8.597874927702626735e-01
9.999992030025006695e-01 5.948273871693791600e-04 1.164072848162478122e-03 7.354267813919804220e-03 -5.878219013562080777e-04 9.999816913838650567e-01 -6.009933771388020589e-03 -8.060283852582644792e-03 -1.167634119064014583e-03 6.009236595970286407e-03 9.999812577794228163e-01 8.817390693040039196e-01
9.999991061169751783e-01 1.267582591565125398e-03 2.472102047295352857e-04 7.506057169363710563e-03 -1.267349868809051257e-03 9.999988257605519903e-01 -9.377907959750603640e-04 -8.157766731186455456e-03 -2.483939689543860382e-04 9.374848448704793885e-04 9.999995007392080693e-01 9.011465794220541170e-01
9.999998871773566611e-01 4.039387519201320144e-04 -2.552923105650860259e-04 6.124863301718380670e-03 -4.037914776788728804e-04 9.999997379863780900e-01 5.789297077849987413e-04 -1.199179015336089560e-02 2.555307414870773195e-04 -5.788342059419961712e-04 9.999997631673674947e-01 9.203388513355328371e-01
9.999992812113945861e-01 1.238673974835157289e-03 4.894133066235967368e-05 6.976453108182185947e-03 -1.238628768296286481e-03 9.999987466140866088e-01 -9.355897981972299002e-04 -1.527389553637642505e-02 -5.011149748637697875e-05 9.355414357490407116e-04 9.999996244077735685e-01 9.346064183476165965e-01
9.999962168823418596e-01 2.720674036926537965e-03 1.609651966095432089e-04 2.545548760921112486e-03 -2.720316580616816311e-03 9.999939959034721548e-01 -2.181730207160585341e-03 -1.501870324706325310e-02 -1.668920864190156616e-04 2.181273437477301413e-03 9.999975399302031276e-01 9.533099422679001123e-01
9.999936773185718053e-01 3.564199670415641071e-03 -1.753634070380864042e-05 7.554792204548230194e-03 -3.564214446155505346e-03 9.999932222318284047e-01 -8.651694947733552582e-04 -1.279345926059520522e-02 1.444887954941588565e-05 8.652283316221061902e-04 9.999996292490790362e-01 9.718559839792959565e-01
9.999983952924696995e-01 1.774293580068122145e-03 9.525843573701819216e-05 2.974391437076569222e-03 -1.774309498975846925e-03 9.999983982995517273e-01 1.704420404648264822e-04 -1.307486205567426341e-02 -9.495107259922034280e-05 -1.706069618022981911e-04 1.000000004008218646e+00 9.762762012924284249e-01
9.999996652199347746e-01 8.619935362406077163e-04 -2.246479603534384752e-04 2.524855993730798498e-03 -8.619684810731880788e-04 9.999996031564958310e-01 1.143466389182698864e-04 -1.335378953316665451e-02 2.247399068599535634e-04 -1.141578983137404765e-04 9.999999387433167186e-01 9.830766848257752599e-01
9.999999374153364373e-01 3.117325426970148663e-05 -1.877410902594524496e-04 2.794748827828333337e-03 -3.119612731986197364e-05 1.000000065307231623e+00 -1.182353697726503202e-04 -1.392793630567665253e-02 1.877482656353248315e-04 1.182366136520904704e-04 9.999999724888405384e-01 9.879032657724700073e-01
9.999997111037319808e-01 7.611796177410251737e-04 -3.605772290000345387e-04 1.488964217927185585e-03 -7.607619389906924816e-04 9.999990129956959350e-01 1.155046710180833479e-03 -1.499651103663704466e-02 3.614484793815738784e-04 -1.154767369996217595e-03 9.999993415656112106e-01 1.001601422951836184e+00
9.999997111470319000e-01 6.574799632547318222e-04 -3.079551853196325255e-04 1.680612435116343728e-03 -6.568939916094632429e-04 9.999979966336267623e-01 1.902239489737128685e-03 -1.523121418042822084e-02 3.092105120961271972e-04 -1.902035595362319394e-03 9.999980789794054026e-01 1.007764611619382578e+00
9.999997001679608033e-01 6.312830120066425946e-04 -3.466124273327513732e-04 1.335522171477407372e-03 -6.308397560725645913e-04 9.999989298295776097e-01 1.273733917068120428e-03 -1.701856492545833488e-02 3.474107048685143957e-04 -1.273513758948668006e-03 9.999991324537372828e-01 1.014748732769657380e+00
1.000000019473783697e+00 -1.225006257666554489e-04 -4.411726024301284031e-05 2.723401999909350057e-03 1.224667407141730787e-04 9.999997406116144516e-01 -7.396704187838551393e-04 -1.843298973421658715e-02 4.420994713475764312e-05 7.396674226182724677e-04 9.999997997878077305e-01 1.021406369946539883e+00
9.999993476091814104e-01 1.096034026767589301e-03 -1.697718940733738057e-04 5.753847907931097794e-04 -1.096234146398574654e-03 9.999986717118020119e-01 -1.180091886220900350e-03 -1.631283217199935853e-02 1.684838783764593562e-04 1.180273401452816215e-03 9.999992885703974377e-01 1.028983565705765102e+00
9.999999483516879284e-01 -2.126000873674774739e-04 -3.424133365464436161e-04 1.061972859266319125e-03 2.128582785600895600e-04 9.999997897003751746e-01 7.531360127521048806e-04 -1.668642963440547522e-02 3.422424557440056653e-04 -7.532083321461557424e-04 9.999996450224244438e-01 1.036460832519320974e+00
9.999994353083662135e-01 -7.667185048649254736e-04 -7.040459334856207646e-04 2.386157860651105800e-03 7.686297556118075556e-04 9.999959873366007779e-01 2.717889980852885266e-03 -1.617848947606276289e-02 7.019687868590516284e-04 -2.718423823953591313e-03 9.999959959547011223e-01 1.047491512363201593e+00
9.999999723999943857e-01 1.607927047352155118e-04 -3.578832486020916870e-04 1.649809537574820073e-03 -1.595447021875477883e-04 9.999938865905200203e-01 3.481091190196081500e-03 -1.768837815311469219e-02 3.584414875582028282e-04 -3.481038442148537936e-03 9.999938837521997748e-01 1.055454649680399370e+00
9.999998021815577065e-01 1.184644798535594849e-04 -5.258810145703053185e-04 1.252000483912718565e-03 -1.171083711418074904e-04 9.999967138868043337e-01 2.582683037768253483e-03 -1.939615771691394208e-02 5.261813413961722056e-04 -2.582620682182317461e-03 9.999965328547214538e-01 1.063322763394182857e+00
9.999998782655312723e-01 -8.116665492092824130e-05 -5.357322517889062663e-04 -7.136745241361763803e-04 8.150118795185337206e-05 9.999997732649252846e-01 6.212982921697898266e-04 -2.222494705296729212e-02 5.356777956546810576e-04 -6.213413826050395283e-04 9.999997058061063093e-01 1.063120999432157987e+00
9.999998380327079772e-01 -5.386087742957902354e-04 -3.754974638431960842e-04 8.073973782214027839e-03 5.380169752100303444e-04 9.999986514829817263e-01 -1.575176491273600106e-03 -1.635744526121041265e-02 3.763484374909817375e-04 1.574973030294646911e-03 9.999987031898474044e-01 1.071855368669801578e+00
9.999999154255337919e-01 2.212309066998262709e-04 -3.435840471937911611e-04 1.486807250902799638e-02 -2.213427942429740383e-04 9.999998471919745446e-01 -3.246508271123670986e-04 -1.134098273204842133e-02 3.435090166750125336e-04 3.247280461057093504e-04 9.999998634806978037e-01 1.075484987148236371e+00
9.999997684622842220e-01 -2.390847396292251383e-04 -5.426691512282204484e-04 5.770562333148654410e-03 2.395561833948067006e-04 9.999996345516308782e-01 8.698144156056258729e-04 -1.883227348280458457e-02 5.424652617166646207e-04 -8.699443268326341894e-04 9.999994530211462340e-01 1.076937331464648651e+00
9.999997069152025686e-01 -9.130770180121264171e-05 -7.814671120159684316e-04 2.899589892573106731e-03 9.294441537130280649e-05 9.999978192129024279e-01 2.095401163885058076e-03 -2.270920404863130404e-02 7.812758048968737644e-04 -2.095473849779618241e-03 9.999975166205464783e-01 1.077864310457108843e+00
9.999998289602055612e-01 6.363511826386671359e-05 -5.863377827332089034e-04 9.736240032118259613e-04 -6.227294714479772084e-05 9.999973188005292224e-01 2.322828257616048591e-03 -2.449947986326761473e-02 5.864704297840559605e-04 -2.322790607962007484e-03 9.999970923744778695e-01 1.075904916995803262e+00
9.999987789588091758e-01 1.476855083264795240e-03 -4.694603127077909169e-04 -1.982454307777881120e-04 -1.476591780386558080e-03 9.999986938910401246e-01 5.688608081828684182e-04 -2.801745876590455708e-02 4.703088120621866028e-04 -5.681665923816870464e-04 9.999998020273411781e-01 1.074474907771296728e+00
9.999996245745179646e-01 8.394234689296400757e-04 -3.684474190895599215e-04 -4.718265278032429677e-03 -8.409084852524214898e-04 9.999913744269610660e-01 -4.063343789342923132e-03 -2.104228824865583825e-02 3.650285994265405651e-04 4.063651007826334788e-03 9.999915918179002050e-01 1.065466293955545041e+00
9.999987380014487837e-01 1.538022342951373246e-03 -5.234542794779449841e-05 -8.161332469606985551e-03 -1.538246568656779492e-03 9.999887066281809567e-01 -4.507423409970350188e-03 -1.304151962107724660e-02 4.542248796542527526e-05 4.507497719712851882e-03 9.999899085074778204e-01 1.062637811172244540e+00
9.999997667914752864e-01 7.848712709539704428e-04 -1.590906792431720940e-04 -5.612431381849969370e-03 -7.849552828352236071e-04 9.999994879837775796e-01 -5.482319196284614251e-04 -1.381466136040199189e-02 1.586624855480906729e-04 5.483563365125544275e-04 9.999998581190503444e-01 1.073289271800710765e+00
9.999999255188509739e-01 4.219828062803728566e-05 1.911168978759794222e-04 -2.657576203265066273e-03 -4.272674324175644025e-05 9.999961748391137384e-01 2.764992495354965784e-03 -1.289158975446103028e-02 -1.910103537014910043e-04 -2.765000060550116233e-03 9.999961340098008078e-01 1.079086960580170285e+00
9.999996645172437582e-01 8.691591708632592957e-04 1.707092961902705063e-04 -3.363244579662472145e-03 -8.695514925306622881e-04 9.999970274271160475e-01 2.291162034910103253e-03 -1.373925764239636305e-02 -1.687105446284811782e-04 -2.291309000678116038e-03 9.999973839461603342e-01 1.077085796767441650e+00
9.999975685943877091e-01 -2.173690629497006862e-03 5.721161515797364426e-05 1.545376367342365942e-03 2.173611639086463210e-03 9.999968359310645871e-01 1.301425041249659655e-03 -1.366947903844673018e-02 -6.005219355822999789e-05 -1.301297721138152752e-03 9.999990580839374088e-01 1.076484619313099245e+00
9.999995170974471659e-01 9.563083953856727762e-04 3.339388553012467517e-04 -2.085521801581280421e-03 -9.564102516059601192e-04 9.999994013783330971e-01 3.236988018450221057e-04 -1.644528025256497550e-02 -3.336251659574507355e-04 -3.240173853153212194e-04 9.999998989541373229e-01 1.079122021191480485e+00
9.999976423624037380e-01 -2.106029328616451472e-03 4.519962126351849321e-04 -8.913308807967368352e-05 2.107318049545948892e-03 9.999936558283544219e-01 -2.870481080236452279e-03 -1.348232751919220540e-02 -4.459452278636235321e-04 2.871426135156787945e-03 9.999958516970290923e-01 1.070787476262189841e+00
9.999993179816523137e-01 1.191553178839045496e-03 1.042457418305570003e-04 -4.737756542527171710e-03 -1.191296105889556780e-03 9.999961895409520407e-01 -2.505209646412424451e-03 -9.691450542773982768e-03 -1.072319901776579561e-04 2.505082995320105903e-03 9.999967876107139775e-01 1.073703257733299665e+00
9.999996071370080841e-01 -9.095926629940857128e-04 1.040966110984077310e-04 -3.132193763458579472e-03 9.098003882254250031e-04 9.999976410505950764e-01 -1.994962202511761998e-03 -1.259028089889224766e-02 -1.022802040627082763e-04 1.995058108765662350e-03 9.999979991014191771e-01 1.074472492622113862e+00
9.999991355956074912e-01 -1.313528999034237503e-03 5.264750061716522091e-05 -8.762798350788192359e-03 1.313687667645801289e-03 9.999945930376578085e-01 -3.002086064563160104e-03 -1.270640401813816212e-02 -4.869621204522759788e-05 3.002150582900505078e-03 9.999955443179489034e-01 1.066816008832681462e+00
9.999986833685816645e-01 -1.622630075623539454e-03 1.553293850969847130e-04 -3.773650925278648760e-03 1.623024563230443442e-03 9.999953599915694102e-01 -2.572846990658600886e-03 -1.417706208190050443e-02 -1.511661982095659977e-04 2.573097109711099898e-03 9.999967137357267388e-01 1.072103900298976953e+00
9.999988364583508593e-01 -1.463279662672541245e-03 1.473404311307087520e-04 -7.720606193147017127e-03 1.462974170037077432e-03 9.999968843689074349e-01 2.049715970470316652e-03 -1.145679472602850746e-02 -1.503277614336392433e-04 -2.049504852113963327e-03 9.999978708389148929e-01 1.071599273870262437e+00
9.999991345069556559e-01 -1.376359398293492114e-03 5.188396937261465265e-07 -3.100900788247179518e-03 1.376332154249160613e-03 9.999804871735152867e-01 6.083192873594444466e-03 -8.126272894655395262e-03 -8.898400000321550019e-06 -6.083180437289645998e-03 9.999814893058607268e-01 1.086854534229814817e+00
9.999991560733353380e-01 -1.260912820023584943e-03 2.570795186730814364e-04 -5.407844635716502202e-03 1.259325696077579848e-03 9.999807340664934596e-01 6.081172852064479009e-03 -8.479643714481288619e-03 -2.647425298756031324e-04 -6.080842943097099912e-03 9.999814518171187272e-01 1.085820393876176126e+00
9.999985457323019578e-01 -1.704778011168132717e-03 1.364155745133295160e-04 -1.616355590526447061e-03 1.704598169223525694e-03 9.999976630474664008e-01 1.316852256209789579e-03 -1.402818987398890549e-02 -1.386508071294066679e-04 -1.316616960819758661e-03 9.999991211192131857e-01 1.083164985046494166e+00
9.999951554037035395e-01 -3.085525909370038459e-03 2.377758489170323658e-04 2.381544523089473842e-03 3.086281412062982007e-03 9.999900357859162758e-01 -3.240888928702844590e-03 -1.066952594274850341e-02 -2.277789843404646748e-04 3.241607106634390636e-03 9.999947177565815526e-01 1.079242541176803627e+00
9.999984066353724277e-01 -1.799409811848172534e-03 3.548294338794715766e-05 3.674617204954128136e-03 1.799517656395697822e-03 9.999929000641930577e-01 -3.299407992071688115e-03 -9.263112110601934290e-03 -2.955246432847046301e-05 3.299464524466135668e-03 9.999945579309382770e-01 1.078016255484499197e+00
9.999978547434588139e-01 2.078651676192022017e-03 -5.138157545383572770e-05 -1.836797598023520717e-03 -2.078832279702987409e-03 9.999907017666160858e-01 -3.784020029861493838e-03 -1.140831822201116008e-02 4.351818148468161133e-05 3.784112996764999598e-03 9.999928606178755119e-01 1.079382611308446371e+00
9.999997812051124590e-01 -6.066477259985237572e-04 5.802561551422177259e-05 5.440421691814134597e-04 6.069130837783997395e-04 9.999888935731987560e-01 -4.681302853662363921e-03 -8.382108633499862904e-03 -5.518508743092828195e-05 4.681347069849852230e-03 9.999890118099608038e-01 1.081788468249598623e+00
9.999943224517583440e-01 3.319940515071044367e-03 5.466909938147352169e-04 -1.938574813160565125e-03 -3.319491896364072745e-03 9.999941558759005700e-01 -8.201450877460591052e-04 -4.891786805053366383e-03 -5.494100332688041204e-04 8.183213607400185866e-04 9.999994822551105944e-01 1.085064864127772921e+00
9.999881663339611482e-01 4.757149399538833021e-03 1.009553174031324564e-03 -6.194748505779806846e-03 -4.760892207417333384e-03 9.999816145984024018e-01 3.736840511196330879e-03 -7.270692996529659613e-03 -9.917481180386432914e-04 -3.741603147507327129e-03 9.999925871490387141e-01 1.092447315345069114e+00
9.999990059272341192e-01 1.403183734513383397e-03 1.240419977917789969e-04 -2.982862064872471297e-03 -1.403488883667590968e-03 9.999958823205603586e-01 2.495736141013541257e-03 -1.011372190569737040e-02 -1.205435478288913826e-04 -2.495906260851322740e-03 9.999968377866301772e-01 1.088912988369798995e+00
9.999997296953003767e-01 -7.442227955404718273e-04 -1.663003335022401777e-04 1.244763885034541606e-03 7.442681556443324613e-04 9.999996819386165470e-01 2.698771411231495345e-04 -7.893582621411820988e-03 1.660963171473972555e-04 -2.700001404228271240e-04 9.999999980563687441e-01 1.085667753034599059e+00
9.999989151371767582e-01 -1.502948686455914291e-03 1.589388118937590255e-04 3.303025525090194647e-03 1.502801188571487642e-03 9.999985191328633061e-01 9.191743411793779680e-04 -1.089937064334933758e-02 -1.603220642030011656e-04 -9.189356498995135012e-04 9.999995201679681145e-01 1.087814650311869968e+00
9.999992132407176104e-01 -1.160115302456584925e-03 -2.956516871193530255e-04 2.522784781053527547e-03 1.160521109595144453e-03 9.999983480917944423e-01 1.370104938081215164e-03 -1.045077055886622919e-02 2.940689266250021291e-04 -1.370446243153578426e-03 9.999990643612858277e-01 1.084035776466578227e+00
9.999986633064459340e-01 -1.622003021123509742e-03 -3.072547688574249068e-04 7.908180220223270940e-04 1.622563590017126996e-03 9.999970004459650674e-01 1.832798864485509069e-03 -1.665651447167570964e-02 3.042707502673234598e-04 -1.833294095144081702e-03 9.999982082624547797e-01 1.084083814899770459e+00
9.999989775959293725e-01 -1.224359334941263911e-03 -7.134781679544574453e-04 -3.093844872105011579e-03 1.225757751960615798e-03 9.999973364408775156e-01 1.961989105330936168e-03 -2.156619345314325642e-02 7.110738349044641408e-04 -1.962860453448651323e-03 9.999978705673074897e-01 1.079871061616856309e+00
9.999995893247167755e-01 -7.141552720306667190e-04 -5.888472251287293338e-04 -1.758351172329225554e-03 7.135324179589220411e-04 9.999992295625995675e-01 -1.055161803791733032e-03 -2.216412482403984363e-02 5.895972354942420265e-04 1.054739832074283023e-03 9.999992871937668504e-01 1.074506427596148228e+00
9.999998499148495812e-01 2.316566174184013776e-04 -5.148121121062286141e-04 -5.043054012590864055e-03 -2.336508536350001032e-04 9.999923938749699648e-01 -3.878409225223331935e-03 -2.068201176481943016e-02 5.139221690572529956e-04 3.878528573480755949e-03 9.999923057285560191e-01 1.069410760948940720e+00
9.999995641041019567e-01 5.915771345599547901e-04 -6.492032606552466251e-04 -5.164143818891797633e-03 -5.931229069860748581e-04 9.999970386635876896e-01 -2.383941584371350453e-03 -1.804502121660389591e-02 6.477857026465997639e-04 2.384316524618590363e-03 9.999969058601768657e-01 1.069055813170479041e+00
9.999977764435313832e-01 2.054732718470888772e-03 -5.137184685957039369e-04 -1.077977486565689924e-02 -2.053894166436712188e-03 9.999965067299313448e-01 1.630498080930191341e-03 -2.032557398223056033e-02 5.170676782068514251e-04 -1.629430397415004622e-03 9.999985989785330487e-01 1.065553747673106955e+00
9.999994600628163699e-01 9.293258969674594513e-04 -5.900853796684699072e-04 -8.489861363234096903e-03 -9.268894296780167677e-04 9.999911199077438084e-01 4.114598482573548523e-03 -2.018514822803396669e-02 5.939051485564477827e-04 -4.114047828364619970e-03 9.999913422413350128e-01 1.071222068119155324e+00
9.999987158515349916e-01 1.452897831397354910e-03 -6.079624739163051565e-04 -8.954055514022840612e-03 -1.450312810538059889e-03 9.999900082089018261e-01 4.233094776373689909e-03 -2.276885080766333225e-02 6.141064549487045823e-04 -4.232207357130667903e-03 9.999908448062515554e-01 1.066226188307339839e+00
9.999993298675232678e-01 1.109263965280542219e-03 -4.031212615647202326e-04 -6.194218864989831097e-03 -1.108813918141556866e-03 9.999987376416359375e-01 1.114096652845634290e-03 -2.026381635497420675e-02 4.043601601216624411e-04 -1.113648585221890764e-03 9.999992852123774645e-01 1.061287808146772704e+00
9.999998761747923570e-01 -1.299058568695113098e-04 -5.282766294604944110e-04 -5.140780340903705614e-03 1.286835253280707179e-04 9.999973803708174236e-01 -2.314136317035745804e-03 -1.918056546089852432e-02 5.285674822932984749e-04 2.314067534029263466e-03 9.999971670630269927e-01 1.055237313821209000e+00
9.999997098620067026e-01 -2.085920157655178088e-04 -6.280918061460209235e-04 -4.060408995424702461e-03 2.079248481746861761e-04 9.999993871392114375e-01 -1.060830045701198487e-03 -1.903335174634923632e-02 6.283134479349933776e-04 1.060698748408335631e-03 9.999992925586382864e-01 1.047626198435040124e+00
9.999998039332010924e-01 -3.367642100041214363e-04 -4.938631540081081170e-04 -3.529247351934161614e-03 3.368766921914158438e-04 9.999999132000059188e-01 2.285210444324193896e-04 -1.443590645343051371e-02 4.937935501550696875e-04 -2.286862184181403710e-04 9.999998739655606705e-01 1.039517785940134331e+00
9.999989276778611380e-01 -1.276471581896635637e-03 -7.176524185768892337e-04 -1.616627755486321760e-03 1.276613179323820993e-03 9.999991875350875414e-01 1.974796623480782644e-04 -1.588552751095306803e-02 7.173940143975979103e-04 -1.983962532023853442e-04 9.999997180917402639e-01 1.025507963956926005e+00
9.999987826037506355e-01 -1.459681528400961006e-03 -6.520505186525667966e-04 -2.211219853954338177e-03 1.460689699296401425e-03 9.999977185289979920e-01 1.546806467441429059e-03 -1.424437820818535982e-02 6.497955237230932084e-04 -1.547756663578963004e-03 9.999985716016451809e-01 1.011436123868122650e+00
9.999999054742839677e-01 1.240255209580482854e-04 -4.595999342752258568e-04 -4.887318194901846269e-03 -1.228277128401791319e-04 9.999965564641108973e-01 2.602048332555473211e-03 -1.722167747002578686e-02 4.599166288667625303e-04 -2.601990942960178896e-03 9.999965316149279637e-01 9.942550959213463102e-01
9.999991371978955712e-01 -7.895930819786951002e-04 -9.716498259959820008e-04 -4.941748695168279859e-03 7.909080084778999115e-04 9.999987778446012276e-01 1.354105643179969983e-03 -2.052048003789996855e-02 9.705859008385029057e-04 -1.354872875161213268e-03 9.999986132136643446e-01 9.726128746088136268e-01
9.999974816952809098e-01 -1.015429824191994585e-03 -2.028163038372862974e-03 -8.425821746555706149e-03 1.015501687008410914e-03 9.999995556688153764e-01 3.428574170719631345e-05 -2.486405120598833562e-02 2.028113314698234710e-03 -3.634391398427863591e-05 9.999978916634620907e-01 9.534492435015522460e-01
9.999942423047175621e-01 -8.406651647567159628e-04 -3.278364809516035126e-03 -7.144836528761966399e-03 8.387873643237966264e-04 9.999993877682461507e-01 -5.740581222194430198e-04 -2.458177778391323898e-02 3.278853035174799681e-03 5.713037978727770723e-04 9.999944335139725471e-01 9.310524319131303628e-01
9.999940609343490605e-01 8.321480722573518240e-05 -3.449728614613181091e-03 -9.387647880802596490e-03 -8.623809966474586743e-05 9.999996638435358909e-01 -8.760714208074118874e-04 -2.427622054886535707e-02 3.449651889082596366e-03 8.763636105626656505e-04 9.999936667925690692e-01 9.061837282430360574e-01
9.999951469040258001e-01 -3.473535964933979216e-04 -3.099982961528815594e-03 -6.401249029920563771e-03 3.468583018771659158e-04 9.999999691641721089e-01 -1.603339187674469131e-04 -2.257529713121364523e-02 3.100043709974333907e-03 1.592582973023481984e-04 9.999952291769134138e-01 8.855200864702794661e-01
9.999944609437996235e-01 1.000522412287716987e-03 -3.164073680056307594e-03 -1.210979094523279009e-02 -9.955506991584626725e-04 9.999982573328398683e-01 1.572205070845526190e-03 -2.982540388878973658e-02 3.165648909516625715e-03 -1.569047079153578286e-03 9.999937486577940016e-01 8.620221813910546871e-01
9.999949435951956955e-01 9.920457540820229458e-04 -3.033809759140433399e-03 -1.005807971640537701e-02 -9.892166016794037928e-04 9.999989951890378981e-01 9.340395619538169282e-04 -2.523512188902232722e-02 3.034728663601385205e-03 -9.310334655796470484e-04 9.999950040231122550e-01 8.396445700289802971e-01
9.999952496591055784e-01 8.884005476078439632e-04 -2.934253005715788034e-03 -1.333605991997188767e-02 -8.837899226302087284e-04 9.999983680215340787e-01 1.572560570896114861e-03 -2.522725489318755621e-02 2.935644210434835630e-03 -1.569958619978106384e-03 9.999943930587532614e-01 8.148127429518581266e-01
9.999952281330698467e-01 1.470497678607494713e-03 -2.724074082401053802e-03 -1.161203957247414209e-02 -1.468107999898891512e-03 9.999985537812241532e-01 8.788039969340455653e-04 -2.185482177687481098e-02 2.725355945560305020e-03 -8.748004633322522443e-04 9.999959101874477119e-01 7.867384398336270124e-01
9.999949596533300733e-01 2.087109449522152327e-03 -2.416200118963214138e-03 -1.596157144234444658e-02 -2.085635541757856638e-03 9.999977041332178684e-01 6.127521353773816588e-04 -2.670809305328791794e-02 2.417477537381014160e-03 -6.077089392084019043e-04 9.999968753588198700e-01 7.605955305802467592e-01
9.999943901553453030e-01 1.967887508594200370e-03 -2.700278764074112974e-03 -1.528720136947070429e-02 -1.970436989933353061e-03 9.999976197081957840e-01 -9.415925489966687567e-04 -2.788365134928660893e-02 2.698416685663647310e-03 9.469083428903719065e-04 9.999959853778213059e-01 7.279539629107176779e-01
9.999954770481515043e-01 1.607903849141244018e-03 -2.552385171602873735e-03 -1.391389263203146598e-02 -1.616612101265611908e-03 9.999928256426238171e-01 -3.414535189608563018e-03 -2.728878391740030551e-02 2.546872331067112465e-03 3.418643688725441117e-03 9.999908568523098173e-01 6.987399128260420866e-01
9.999937089669067580e-01 2.563005028340308543e-03 -2.442645667982514153e-03 -1.371217057780116377e-02 -2.572474613972647404e-03 9.999892022470785458e-01 -3.881633093357938786e-03 -2.189230808529529781e-02 2.432674288968922696e-03 3.887892014412952599e-03 9.999894884200015710e-01 6.660447040323873580e-01
9.999952148888128223e-01 2.209238189397665607e-03 -2.179076446577331381e-03 -1.145614392584137775e-02 -2.215136744529923318e-03 9.999938591702351998e-01 -2.706878050470958811e-03 -2.281865051856080129e-02 2.173092477165571110e-03 2.711691401059502030e-03 9.999939848101613293e-01 6.382178342805246984e-01
9.999980045950023211e-01 1.701414346696370448e-03 -9.862287602342876495e-04 -8.902798253393129357e-03 -1.702615919076309837e-03 9.999977557686359209e-01 -1.220532645607806665e-03 -2.289084825190523809e-02 9.841423659511614342e-04 1.222209316209806312e-03 9.999987352708781252e-01 6.068722721818176069e-01
9.999965710260930729e-01 2.504866426135682854e-03 8.086883194426526750e-04 -8.966835038050291473e-03 -2.505334837849898522e-03 9.999967168736806356e-01 5.639067951335205268e-04 -2.189626377687559078e-02 -8.072712173329676250e-04 -5.659299138105905198e-04 9.999995546098511268e-01 5.849001714852732903e-01
9.999897675699256361e-01 3.582985671278408196e-03 2.740020413840798131e-03 -8.335529283185039162e-03 -3.587837170498350218e-03 9.999920213832160787e-01 1.771014687927274615e-03 -2.404429023457255177e-02 -2.733648262004803684e-03 -1.780827551981864097e-03 9.999946211830772480e-01 5.639339466442265802e-01
9.999821155547718998e-01 2.732428773492594914e-03 5.335823894759288318e-03 -3.030419391597316547e-03 -2.741942174080488556e-03 9.999946514802421360e-01 1.775755159813566849e-03 -2.188917297122405792e-02 -5.330947465492301765e-03 -1.790353082047948033e-03 9.999842485237429024e-01 5.393380225990256349e-01
9.999742342456464650e-01 7.162372860998087679e-04 7.137513886838530407e-03 2.844577828962968624e-03 -7.302537611020842867e-04 9.999977582864209014e-01 1.961868004757550982e-03 -1.910239196296137365e-02 -7.136093388863653554e-03 -1.967029372583588460e-03 9.999726061912487252e-01 5.175803683989244064e-01
9.999552666236195542e-01 -3.024191359356867581e-04 9.457326160244219210e-03 7.722063472871631973e-03 2.766436132159453892e-04 9.999962973200463567e-01 2.725804536259058067e-03 -1.641063271922771349e-02 -9.458118298948015382e-03 -2.723065749813811075e-03 9.999515236412003238e-01 4.946387948643149457e-01
9.999324019559396870e-01 -5.059979320041805380e-04 1.161696255072931089e-02 8.107024132490980861e-03 4.861198543962251821e-04 9.999984101973713457e-01 1.713968373664891739e-03 -2.331316220000489992e-02 -1.161781215763607600e-02 -1.708204426658522157e-03 9.999310985487134262e-01 4.737766877318421166e-01
9.999110193657165802e-01 -7.827682920830622559e-04 1.331703247327267053e-02 1.072457394862974533e-02 7.765246865995531532e-04 9.999996354471112348e-01 4.742246159056971353e-04 -2.186621433884949894e-02 -1.331740262039229558e-02 -4.638420732948722960e-04 9.999111995329168501e-01 4.504147280627393002e-01
9.998880745451329544e-01 -2.793094370849028224e-04 1.495372192621408948e-02 1.340850424536710328e-02 2.841444381070154642e-04 9.999998564645140586e-01 -3.210506444431806476e-04 -2.460893978119926828e-02 -1.495362715808185201e-02 3.252635786775861615e-04 9.998881428775907576e-01 4.313096833703440325e-01
9.998405823843643514e-01 -1.393836346133483714e-03 1.779988792083488786e-02 1.849110272794929344e-02 1.436072395190520759e-03 9.999961922327551544e-01 -2.360391619189071422e-03 -1.950659046927016860e-02 -1.779652466929536325e-02 2.385577288249202121e-03 9.998387736879855714e-01 4.207209992087257433e-01
9.997793864180285484e-01 -7.323700614553697473e-04 2.099534298297815391e-02 2.147145355744584094e-02 8.167281538132343567e-04 9.999916297646436192e-01 -4.009630726900981386e-03 -2.260468000478876860e-02 -2.099222797602132845e-02 4.025892033837027463e-03 9.997714725784047074e-01 4.117450148695382950e-01
9.997055830981077529e-01 -2.242404122864063466e-03 2.416029240513954679e-02 2.795281898884738325e-02 2.347997032104001854e-03 9.999878281880910658e-01 -4.342856000659901794e-03 -1.498405001980396278e-02 -2.415027051033038011e-02 4.398305169849727955e-03 9.996987553044865971e-01 4.012698446589268997e-01
9.996287791253191113e-01 -2.472752188949269795e-03 2.713212853897995630e-02 3.208992549449618537e-02 2.532936446326885995e-03 9.999944310674935277e-01 -2.183969903170225255e-03 -1.865914216143504945e-02 -2.712657582105124435e-02 2.251884190883848228e-03 9.996293860275003995e-01 3.998124010258266026e-01
9.995529794186338579e-01 -2.758303426029531241e-03 2.976956556049735123e-02 3.586231495115299595e-02 2.780648675531453406e-03 9.999958777820909805e-01 -7.094567059358658804e-04 -1.079283167346023475e-02 -2.976746610355460870e-02 7.919121966531231238e-04 9.995565591153895424e-01 3.866941289892622535e-01
9.994706472430752164e-01 -2.628743364762185092e-03 3.242510002111877176e-02 3.915850584417945868e-02 2.666450141230109535e-03 9.999957575032019097e-01 -1.119581166594166115e-03 -1.454775740945279949e-02 -3.242209110706077008e-02 1.205447806013002117e-03 9.994735815238654508e-01 3.865184728152399884e-01
9.993546270281279398e-01 -2.930178844491990956e-03 3.580360189025885015e-02 4.387013370486414487e-02 2.980825392141424248e-03 9.999946686124170370e-01 -1.361281458193966702e-03 -1.345700320491349800e-02 -3.579939337132559407e-02 1.467125045820953481e-03 9.993579148910572973e-01 3.732596692200473854e-01
9.992339148901477897e-01 -3.567286978448461383e-03 3.897185752762995919e-02 4.719661626490534445e-02 3.573180482426166309e-03 9.999935550519488681e-01 -8.152472696456095069e-05 -1.573032427117482257e-02 -3.897132372033785402e-02 2.207256816607799444e-04 9.992402862595508584e-01 3.772220882052153001e-01
9.991557840925436862e-01 -2.789332903561836299e-03 4.098729059684627640e-02 5.072631709349906259e-02 2.812480961958297321e-03 9.999959264386625302e-01 -5.070499672316691915e-04 -1.084032394534273358e-02 -4.098569092423359761e-02 6.218960682443143168e-04 9.991595205041995387e-01 3.618052024059608129e-01
9.990744430802708242e-01 1.146415091842906402e-04 4.301316207560675758e-02 4.604064459829260159e-02 -7.483823414635408381e-05 9.999995680141794407e-01 -9.269951172999465680e-04 -1.382573083479388121e-02 -4.301324158617462340e-02 9.229106692984602803e-04 9.990740706101819413e-01 3.656494504624276942e-01
9.989207788313234637e-01 2.108313589013778837e-03 4.639930687032492451e-02 4.591046469723636392e-02 -2.093257917356163098e-03 9.999977262563370939e-01 -3.731227462835692670e-04 -9.316976297120915795e-03 -4.640006339370261051e-02 2.756021346895981875e-04 9.989229547415987565e-01 3.619839421031656457e-01
9.988540926895654870e-01 1.254919309640989780e-04 4.785877553734402962e-02 5.286457247337494891e-02 -1.752892895429470136e-04 9.999995255442560849e-01 1.036343798156616871e-03 -8.476137802497674123e-03 -4.785857521736518183e-02 -1.043547976707641768e-03 9.988535763498155307e-01 3.499585047282920414e-01
9.988318612854028000e-01 -4.581760819271693931e-04 4.831981508978987205e-02 5.353784482230850017e-02 3.939935841191117291e-04 9.999990067521675741e-01 1.337823155287173665e-03 -6.789271452661060913e-03 -4.832041227792904792e-02 -1.317232490482669448e-03 9.988309751894072219e-01 3.567069497667461064e-01
9.987492052467563663e-01 -1.801459542123684532e-03 4.996751297512553452e-02 5.996859157814071750e-02 1.812300268655529659e-03 9.999982812644023777e-01 -1.716437425306636608e-04 -7.698873927806548778e-03 -4.996709541764244450e-02 2.619864319736868777e-04 9.987508015831648711e-01 3.403145744310194232e-01
9.987642370188903884e-01 -9.629683996029954687e-04 4.968903354854545262e-02 5.441550026076669155e-02 1.059228308913225244e-03 9.999976696822235889e-01 -1.910937025475200864e-03 -8.687384852208657193e-03 -4.968708848195588224e-02 1.961213803737195133e-03 9.987629454866410184e-01 3.472371934577296315e-01
