9.999995999999535812e-01 -9.035185117502276620e-04 -2.101170704795228604e-04 1.289127776801030556e-03 9.037963879493272901e-04 9.999987000004830762e-01 1.325645643752537033e-03 -1.821616046693240107e-02 2.089191292142904548e-04 -1.325834356095819625e-03 9.999990999995636010e-01 1.310643000006269654e+00
9.999996434604895290e-01 -7.429415131175100707e-04 -3.432209574700731533e-04 -5.911642889159020873e-04 7.431254253772607296e-04 9.999995802091361519e-01 5.343841879289315836e-04 -2.555924421223127255e-02 3.428237439845842468e-04 -5.346388229270794936e-04 9.999997802100097921e-01 1.314623419351715894e+00
9.999984084283496388e-01 -1.766381026992211879e-03 -1.795784491659319949e-04 2.283193296591590898e-03 1.766141785329984571e-03 9.999975496366018124e-01 -1.323233663775527430e-03 -2.344677688474441218e-02 1.819154533008383217e-04 1.322913701745570070e-03 9.999991368582376028e-01 1.316388617946635531e+00
9.999999930855563157e-01 -2.220986628518932472e-04 8.876759202393742733e-05 1.628120097988172525e-03 2.220739856102744796e-04 9.999999070602867413e-01 2.776254349214570699e-04 -2.252267756488515738e-02 -8.882930276335433088e-05 -2.776057655631983885e-04 9.999999848066070118e-01 1.319274207574197000e+00
9.999999714226545100e-01 -2.904058789389628802e-04 1.301804503338313730e-04 2.165334828425230854e-03 2.902983137176520941e-04 9.999996284708578820e-01 8.262009967801565947e-04 -1.771331689200303372e-02 -1.304204323564963231e-04 -8.261630298633871380e-04 9.999995911806790483e-01 1.320605811475541458e+00
9.999987448179795679e-01 -1.579395910746644264e-03 1.033726583144668352e-04 4.030253049185089295e-03 1.579287641084151225e-03 9.999982287133520886e-01 1.053271594425818402e-03 -1.731308293725955516e-02 -1.050359639514865845e-04 -1.053106346345361079e-03 9.999994776165607169e-01 1.327108494190917476e+00
9.999999177145506568e-01 3.191314036486554121e-04 -1.756800156274551390e-04 1.198444297466698741e-03 -3.189756701135954063e-04 9.999995398740610941e-01 8.895690299558716525e-04 -1.980706572196180848e-02 1.759638002345895668e-04 -8.895128701739138995e-04 9.999995695548572483e-01 1.330138025705576155e+00
9.999997835382369304e-01 5.547057763816330917e-04 -2.718047717007147793e-04 8.697463437357458305e-05 -5.551704029278744547e-04 9.999983790562927410e-01 -1.714552017166585908e-03 -2.172986961849840415e-02 2.708533235924245474e-04 1.714701345292842394e-03 9.999985088247020926e-01 1.330598806393325617e+00
9.999962355734830499e-01 2.732341172192682965e-03 -1.119139814635471364e-04 1.260278165677031215e-04 -2.732629149491518430e-03 9.999927924759193232e-01 -2.650834941614800804e-03 -1.618242894621629846e-02 1.046701859754840352e-04 2.651131035403076451e-03 9.999964354246650977e-01 1.334602416855501517e+00
9.999940256136070627e-01 3.445293458713471167e-03 3.364485003852209308e-04 -2.100334748181616196e-03 -3.444976274881373073e-03 9.999935910863921862e-01 -9.413927294843015122e-04 -1.224017727714507564e-02 -3.396896897844799211e-04 9.402273943528293310e-04 9.999995130151683176e-01 1.337832666605221377e+00
9.999970773048163508e-01 2.418882973449776319e-03 9.116209685108728222e-05 -4.423214358578169726e-03 -2.418896688309486905e-03 9.999970841590616333e-01 1.459751940121703539e-04 -1.687031516911008389e-02 -9.080879585288407130e-05 -1.461949958269232993e-04 9.999999916090203111e-01 1.338434131205994859e+00
9.999992878378729522e-01 1.226897947555150893e-03 1.407365225380481253e-04 -3.195192841157052776e-03 -1.226996861090878885e-03 9.999989462292919740e-01 7.068173232083266311e-04 -1.972066647982306797e-02 -1.398691594690938125e-04 -7.069888852745284625e-04 9.999998085830926753e-01 1.350214748167347878e+00
9.999974418405825904e-01 -2.197744738206382047e-03 4.019927966327963465e-04 2.197681695618423046e-03 2.196674292522114193e-03 9.999940861000151671e-01 2.644068554615439798e-03 -1.746286610041619669e-02 -4.078014569755837918e-04 -2.643179047474252669e-03 9.999963330235795977e-01 1.351574978175966280e+00
9.999924576326884029e-01 -3.892399041028288785e-03 2.170497834784361013e-04 4.770618531174617219e-03 3.891906690516688198e-03 9.999899926218449586e-01 2.229820595922514005e-03 -1.971188809673007913e-02 -2.257269665042804579e-04 -2.228957633730437645e-03 9.999975499577415938e-01 1.352437402767048269e+00
9.999961878266026005e-01 -2.739808812413557695e-03 -2.940306325724759834e-04 4.162546482617430869e-03 2.739165909428354674e-03 9.999939021550307006e-01 -2.166568306554559741e-03 -2.157185140387335442e-02 2.999648604402242280e-04 2.165754326009854298e-03 9.999975627742334616e-01 1.351935637486331387e+00
9.999988935296236781e-01 -1.480550851351388223e-03 -2.011216042955961349e-04 -9.112056084037891551e-04 1.480067513797441066e-03 9.999960206673755847e-01 -2.384602830098638254e-03 -2.567666431309412189e-02 2.046513720346933654e-04 2.384302117230221226e-03 9.999971391628179607e-01 1.354525305296302662e+00
9.999972281964709664e-01 2.270850354070767102e-03 6.505433639642979994e-04 -4.728694723717893206e-03 -2.269862260132372335e-03 9.999963142226500068e-01 -1.516225012708159346e-03 -2.834083685368854466e-02 -6.539841506486687023e-04 1.514743388758191256e-03 9.999986852760377465e-01 1.364497048454097694e+00
9.999951230439262373e-01 2.991810927719569264e-03 8.228662208062310522e-04 -7.248246306965227398e-03 -2.992878623298143598e-03 9.999946857629554708e-01 1.298389708162395531e-03 -2.173761206980151517e-02 -8.189778549447098918e-04 -1.300845502321430454e-03 9.999987608258193994e-01 1.366394912674095963e+00
9.999989431212495949e-01 1.305867146127569298e-03 6.957752203186198326e-04 -4.061411298869083142e-03 -1.310152049994245480e-03 9.999799395253656797e-01 6.193402387861868252e-03 -2.087651091340952947e-02 -6.876726316867231778e-04 -6.194305647554905307e-03 9.999806230839279886e-01 1.376592444876646226e+00
9.999967404278834460e-01 -2.491454714550789783e-03 4.271256580571005518e-04 2.031767693273546505e-03 2.491439271390008363e-03 9.999968885448117240e-01 3.866678363705244355e-05 -2.583845967758247042e-02 -4.272217717048986405e-04 -3.760351119738366432e-05 9.999999361111407969e-01 1.371506392894506376e+00
9.999907994531068711e-01 -4.291873483320157202e-03 -4.195783007218572332e-04 3.735595772470540199e-03 4.291207976459389048e-03 9.999895458517129576e-01 -1.576964237652588724e-03 -3.031382741780119794e-02 4.263427536109880311e-04 1.575149807645493533e-03 9.999985888420510616e-01 1.374287598015119016e+00
9.999997354957205209e-01 -5.992669204043352040e-04 1.985776349573844341e-05 4.845316024975482305e-04 5.993166935004416631e-04 9.999964995351185992e-01 -2.570863359371768943e-03 -2.830945540529683502e-02 -1.831788170952122175e-05 2.570873078110148119e-03 9.999967707635742942e-01 1.375304252714798281e+00
9.999999698755606126e-01 -2.486362179323959752e-04 3.982000904288741081e-04 -2.474504446924805090e-04 2.495485473510939637e-04 9.999973513599731412e-01 -2.295053573421886386e-03 -2.803656489842715205e-02 -3.976274139588865443e-04 2.295152418724300415e-03 9.999972975227457983e-01 1.379686771243996191e+00
9.999942006038781139e-01 3.312075570104375862e-03 7.740331513445033703e-04 -4.584084490886944363e-03 -3.311756447849688659e-03 9.999944348030150865e-01 -4.150447112410645713e-04 -2.451606435318298693e-02 -7.754039565115032791e-04 4.124788961517446392e-04 9.999995614179909564e-01 1.385487890322497861e+00
9.999994527475379869e-01 9.409498703161250010e-04 3.905102097174709282e-04 -2.981528947054334910e-03 -9.401211154260344328e-04 9.999973308686460616e-01 -2.114918236217270490e-03 -2.529919433304966825e-02 -3.924988047023030241e-04 2.114549553226902513e-03 9.999976875226431750e-01 1.382524133232372776e+00
9.999996308381938759e-01 8.935066619226751661e-04 -7.229338841061774942e-05 -3.154851609365530440e-03 -8.935408970413307155e-04 9.999994984356298522e-01 -4.634597104548554233e-04 -2.599817704891727033e-02 7.187865471627422921e-05 4.635242027283414273e-04 9.999998674643332253e-01 1.393127331890589460e+00
9.999999201110931768e-01 7.321029391669326911e-05 -8.710296049564121383e-05 -2.968448807511486764e-03 -7.300926539568968290e-05 9.999972934448992934e-01 2.303949055667601185e-03 -2.596732291857917208e-02 8.727154761879877588e-05 -2.303942696747567857e-03 9.999973565476898418e-01 1.397172191879811010e+00
9.999996212596833356e-01 7.727938182857636102e-04 -4.212865972125638442e-04 -1.792456440581735588e-03 -7.721193357684932347e-04 9.999985036933198845e-01 1.599194464968223175e-03 -2.295592914156363573e-02 4.225224085423552644e-04 -1.598868100524190351e-03 9.999986058326815197e-01 1.398042122827490630e+00
9.999964216140568851e-01 2.702552894733963994e-03 -2.353313532682652678e-05 -2.318464324301924839e-03 -2.702561052569129197e-03 9.999962081020339344e-01 -3.184922320609109869e-04 -2.386718827661793441e-02 2.267232333585621670e-05 3.185547145536713593e-04 9.999999491607143298e-01 1.395670813623667073e+00
9.999966918085229084e-01 2.536503790392789261e-03 1.391977575305193809e-04 -1.646511358082081156e-03 -2.536479609127768528e-03 9.999968441378940254e-01 -1.820036450131296034e-04 -1.933200378373112205e-02 -1.396591264354873636e-04 1.816499079766688220e-04 9.999999801429788615e-01 1.402818614929984165e+00
9.999976981495989348e-01 2.153736481314510228e-03 7.055912382935237759e-06 -4.496104942591380715e-03 -2.153738749769013461e-03 9.999974891426826051e-01 5.110090612606377159e-04 -2.624609323115323356e-02 -5.955025763017069531e-06 -5.110229955561457421e-04 9.999999430796645550e-01 1.406637397071754947e+00
9.999994243502287050e-01 1.105558383403384753e-03 -2.694288327819181826e-04 -2.030025376050861863e-03 -1.105484311891586236e-03 9.999993499820157838e-01 2.769412841742694602e-04 -2.335177817134848066e-02 2.697343741733307636e-04 -2.766431049813314899e-04 9.999998539842838152e-01 1.407581092409358803e+00
9.999992612026405991e-01 -1.049809573041926049e-03 -4.279288304118921359e-04 1.070643288378039792e-03 1.049631280751255231e-03 9.999993823370744161e-01 -4.151627959884318588e-04 -2.404019145826385984e-02 4.283643284694102884e-04 4.147131804980093189e-04 9.999998793005897557e-01 1.409632759964630111e+00
9.999994831991638744e-01 -8.350154410882622020e-04 -6.867756104222495685e-04 1.379786574874392047e-03 8.345830947570318263e-04 9.999994534735771046e-01 -6.294211078346179881e-04 -2.089876702734072556e-02 6.873015905635933330e-04 6.288473843209231541e-04 9.999995466424411728e-01 1.413070887595772263e+00
9.999993219374468945e-01 -6.248137230170689544e-04 -9.640592068278040902e-04 9.175266473576207393e-04 6.255228594561958741e-04 9.999995914207941983e-01 7.353122027255997719e-04 -2.085783023714526951e-02 9.635986983668592140e-04 -7.359146108493635520e-04 9.999992503486851980e-01 1.415790743305386457e+00
9.999994514616921126e-01 2.110514646499719502e-04 -1.007777308693829027e-03 -1.438953019854618143e-03 -2.101922061168344524e-04 9.999995678616226957e-01 8.528028316158200962e-04 -2.286896536059979113e-02 1.007956924631718586e-03 -8.525904803418948071e-04 9.999991795830752705e-01 1.422590738211006567e+00
9.999992915926319004e-01 6.382970927495592445e-04 -1.064166438332844267e-03 -1.356852474691548627e-03 -6.380256395237115120e-04 9.999997370022009058e-01 2.537570361472914486e-04 -2.278554800293031146e-02 1.064328295752040715e-03 -2.530779766206773846e-04 9.999993625066347924e-01 1.422532732848800663e+00
9.999992650335743916e-01 -1.015468355895655877e-05 -1.173120329124919528e-03 -7.889803236092174377e-04 9.699268735948207877e-06 9.999999254838750629e-01 -3.866098339622228990e-04 -2.241296177010032586e-02 1.173124732843878462e-03 3.865983740721944313e-04 9.999992340485571729e-01 1.426109629186733230e+00
9.999993639739503948e-01 2.413815689477686840e-04 -1.117301257946333795e-03 8.608126805240146062e-05 -2.399588349953556772e-04 9.999991595760406859e-01 1.272740734900999499e-03 -1.980570453584351576e-02 1.117606489377473596e-03 -1.272471919434862726e-03 9.999986121168300546e-01 1.428841478645438201e+00
9.999987197515765036e-01 -1.389170393391039263e-03 -8.057497784570809415e-04 7.485149396375123665e-04 1.389945857869225379e-03 9.999986293038048979e-01 9.614580886308748790e-04 -2.423287174426758117e-02 8.044130366751203222e-04 -9.625763159424343589e-04 9.999991570575279543e-01 1.427442397191676093e+00
9.999987013198475827e-01 -1.493609972710419499e-03 -6.406850771262220714e-04 2.394833317106659365e-03 1.493551803044407093e-03 9.999988438689925152e-01 -9.157205941367116387e-05 -2.421844700556929908e-02 6.408213858295216210e-04 9.061484106903105475e-05 9.999998558966178841e-01 1.431899198167883469e+00
9.999971111028738147e-01 -2.281575244951540050e-03 -6.241232050985374112e-04 3.703158380671423000e-03 2.281302854719838118e-03 9.999972602129258981e-01 -4.386840144405412139e-04 -2.439766912108609631e-02 6.251230591030605514e-04 4.372583692195182339e-04 9.999997115051254548e-01 1.428836426597165143e+00
9.999991165547369443e-01 -1.346933332748794692e-03 -7.708013022523824056e-05 4.957746222442327433e-03 1.346966382662570039e-03 9.999990510298449875e-01 4.374287245868415503e-04 -2.111727052073830713e-02 7.649086130858701461e-05 -4.375308147822205818e-04 9.999998803711052098e-01 1.428098384340820814e+00
9.999991772868865869e-01 -1.215101952970145619e-03 4.297459119018163056e-04 4.649806106558240781e-03 1.214827955029072889e-03 9.999990704227326166e-01 6.377937764418007164e-04 -2.370671451537309515e-02 -4.305203073331573954e-04 -6.372709008599790640e-04 9.999996431958243504e-01 1.429465364718019771e+00
9.999994220501985387e-01 -1.025652254000814249e-03 3.833890798002735243e-04 3.771006259234377378e-03 1.025410141657703183e-03 9.999992622298072842e-01 6.298211093433519992e-04 -2.509487287967848701e-02 -3.840347962903963084e-04 -6.294284625412404624e-04 9.999997584434843212e-01 1.424691415186735810e+00
9.999979884333297653e-01 -1.931650504100312308e-03 4.283395259457119155e-04 2.876622678536777666e-03 1.931838174631090145e-03 9.999980463107520645e-01 -4.338654961221541221e-04 -2.890851013208139975e-02 -4.275013868849135900e-04 4.346917792533773906e-04 9.999998129578591133e-01 1.423926211978312040e+00
9.999988527027672269e-01 -1.499859851537217346e-03 4.773743724414703242e-04 4.710835841987170980e-03 1.500265241141704453e-03 9.999984915002153585e-01 -8.500295124371354521e-04 -2.559272563403380829e-02 -4.760986422956827802e-04 8.507453228073082012e-04 9.999995304842040911e-01 1.419798433550624850e+00
9.999997008965870737e-01 7.802808920737605678e-05 6.455827604369987569e-04 2.465953384962971118e-03 -7.765855007860990777e-05 9.999998706237797075e-01 -5.726406683067966413e-04 -2.553711586344609152e-02 -6.456272694678761442e-04 5.725909227125711631e-04 9.999995945392898822e-01 1.417464582557045105e+00
9.999982173465359336e-01 1.737820625189171646e-03 8.067887699888503638e-04 5.593097533842794622e-04 -1.737870406376354959e-03 9.999984532003026727e-01 6.016464128893553071e-05 -2.368949202879067073e-02 -8.066832953774189094e-04 -6.156686647066304102e-05 9.999997355698135859e-01 1.413665962421248423e+00
9.999959002338394409e-01 2.830929297962728099e-03 4.890057215538222641e-04 -5.838561076178999665e-03 -2.831579571335860867e-03 9.999951143185492608e-01 1.332633313465369498e-03 -2.912402412792491901e-02 -4.852308144570587761e-04 -1.334013077940010344e-03 9.999989538064123495e-01 1.412775481810228939e+00
9.999929211255947914e-01 3.658288710377863295e-03 7.816495002140921898e-04 -4.750574211352331933e-03 -3.659311971254610753e-03 9.999924936420876431e-01 1.309976653155115085e-03 -2.691475543561261397e-02 -7.768501961854264561e-04 -1.312826422935009073e-03 9.999988685370716501e-01 1.413993973037563023e+00
9.999931141857629768e-01 3.646393648952654578e-03 7.575694831710795725e-04 -6.213498788441490506e-03 -3.646811748594562443e-03 9.999931157002287518e-01 5.522080969412106969e-04 -2.741238337127605007e-02 -7.555515866441031179e-04 -5.549682709318916980e-04 9.999995502568467254e-01 1.409670678940798894e+00
9.999896601177762356e-01 4.491911288337765464e-03 6.672605268068095789e-04 -6.102085339717253608e-03 -4.491649958391450738e-03 9.999898494844681185e-01 -3.935819197940837780e-04 -2.551253249882079466e-02 -6.690217444371136281e-04 3.905822425406521082e-04 9.999996551833980618e-01 1.399964367609157989e+00
9.999950800648641502e-01 3.065618489948870960e-03 7.198802516568493298e-04 -4.546509578730643930e-03 -3.065277505045044346e-03 9.999952253599189156e-01 -4.837686868640925469e-04 -2.454718182205528620e-02 -7.213597614693363462e-04 4.815586376660588850e-04 9.999996827668160559e-01 1.402482479510211988e+00
9.999974449801034559e-01 2.149096066788603807e-03 6.984959451789630232e-04 -7.260095445578276796e-03 -2.148906155893081336e-03 9.999976361422152626e-01 -2.666453820753534308e-04 -3.049999009574477782e-02 -6.990673737626428453e-04 2.651439991647776815e-04 9.999997127080492154e-01 1.401918428848517806e+00
9.999998708875452724e-01 2.719240489175006321e-04 3.365258648067980668e-04 -3.026600045792665616e-03 -2.719692644894107850e-04 9.999999319218441096e-01 1.333734562053167944e-04 -2.683512286702338656e-02 -3.364890470625939308e-04 -1.334649956526075016e-04 9.999998786509083359e-01 1.396183091233382356e+00
9.999992337946030929e-01 -1.235589134526977927e-03 1.541515319110771907e-04 -4.758715152105019719e-04 1.235561185194034191e-03 9.999992731332326690e-01 1.658305266328437548e-04 -2.633958388397616979e-02 -1.543563876762966340e-04 -1.656393231653831570e-04 1.000000025596422093e+00 1.394066980155301394e+00
9.999992782906584887e-01 -1.167684984110397336e-03 -6.648346278523055441e-05 8.796408115880893774e-04 1.167626742205536130e-03 9.999987910562505578e-01 -9.521276966408158751e-04 -2.505497138429380044e-02 6.759513944549122490e-05 9.520485504761116774e-04 9.999995260227679816e-01 1.390392610632162018e+00
9.999997200151820032e-01 -7.467543588826034036e-04 -2.803623319645069732e-04 -1.623314444243545429e-03 7.467135091455788650e-04 9.999997931856774436e-01 -1.278851425757960311e-04 -2.676270440894912284e-02 2.804568029988446093e-04 1.276755057726196405e-04 9.999999907066339233e-01 1.385409611277182762e+00
1.000000012934499027e+00 4.474638601786305487e-05 -2.324068631992205682e-04 -1.539067930938636808e-03 -4.468176013060668703e-05 9.999999629519270572e-01 2.693561274785830290e-04 -2.534803614279068640e-02 2.324197146153335813e-04 -2.693463140427164795e-04 9.999998865152481820e-01 1.386177343622250646e+00
9.999996754170294988e-01 -4.548552693553255819e-04 -5.329039980984294706e-04 -5.949231436013058261e-03 4.545769761122191491e-04 9.999997389270085524e-01 -5.226460773498475387e-04 -2.675238260928480827e-02 5.331412588338235118e-04 5.224042043331157160e-04 9.999997423630641036e-01 1.386360275545442278e+00
9.999996807397687482e-01 3.550342276728827196e-04 -7.261785918620414313e-04 -8.959621244499199610e-03 -3.547862375891680672e-04 9.999998183128295803e-01 3.539237722927772206e-04 -2.491826421730669594e-02 7.263040798146528157e-04 -3.536665677652277751e-04 9.999996501719411457e-01 1.381867439318725133e+00
9.999995016092300126e-01 -3.805883843780055080e-04 -9.420325597151532225e-04 -1.433448947006769197e-02 3.812634986078926162e-04 9.999996775900777957e-01 7.034810833069887444e-04 -2.874175256431521497e-02 9.417646745428523382e-04 -7.038393322379912906e-04 9.999993615872555530e-01 1.384431575246239277e+00
9.999971050356364355e-01 -2.124376819989436029e-03 -1.146285431570079512e-03 -7.836298743542729345e-03 2.125583203014799749e-03 9.999971874422017848e-01 1.046466160926043561e-03 -2.545485151057724771e-02 1.144058630185382057e-03 -1.048899313267467577e-03 9.999987112213720719e-01 1.378848266849217907e+00
9.999969659176454195e-01 -2.141340766927013473e-03 -1.216447725972547760e-03 -1.087215042003561449e-02 2.142190832358697138e-03 9.999974749251150374e-01 7.043686283111864205e-04 -2.729603616386300224e-02 1.214936855470787102e-03 -7.069716872632459109e-04 9.999990870304256152e-01 1.377145634250226180e+00
9.999978552689202660e-01 -1.988039343808021588e-03 -6.264284717526743054e-04 -8.464906682514788949e-03 1.988140749191538020e-03 9.999980604078454460e-01 1.604560162365405510e-04 -2.567069910632158170e-02 6.261073968123224628e-04 -1.617008143076280823e-04 9.999997540758841508e-01 1.368801318715597404e+00
9.999990761662272964e-01 -1.291011492605565825e-03 -4.725206473409828832e-04 -1.203419556692847392e-02 1.290689995640003198e-03 9.999989278391788750e-01 -6.816967916935001183e-04 -2.702378642142466703e-02 4.734012410350320788e-04 6.810858794609196730e-04 9.999996680072380517e-01 1.365951361549932130e+00
9.999992115787191826e-01 -1.225377695301814104e-03 -2.768476361296236818e-04 -1.127865579395526119e-02 1.225233192335975323e-03 9.999991275687166725e-01 -5.212030205337035661e-04 -2.568184028178532863e-02 2.774861879628991168e-04 5.208639138595537758e-04 9.999998283853744896e-01 1.362046513558127003e+00
9.999997311078969719e-01 6.609590642961351735e-04 -1.346433950754241898e-04 -1.806272642975031983e-02 -6.610101904333694472e-04 9.999996501820453965e-01 -3.819077214468297545e-04 -2.728569916671941264e-02 1.343907426024612594e-04 3.819950850565242062e-04 9.999999473818483864e-01 1.357342764291828985e+00
9.999999572730393638e-01 -1.996981967214926364e-04 1.207774081303691129e-04 -1.527487808508393163e-02 1.997810500709713258e-04 9.999997233723182388e-01 -6.916479564110000798e-04 -2.654281762099142128e-02 -1.206395018573735918e-04 6.916720786262725400e-04 9.999997626705657838e-01 1.353034516242516361e+00
9.999997430910302354e-01 7.264967012987056088e-04 2.443470469906261358e-04 -1.450313202262137890e-02 -7.263317851776639709e-04 9.999995869426535622e-01 -6.738994021342695076e-04 -2.583562887114498885e-02 -2.448363614122173312e-04 6.737226185602071494e-04 9.999996700856522702e-01 1.351615481761783144e+00
9.999986658811078621e-01 1.598293549454068594e-03 3.686012907013374359e-04 -1.650214189940010789e-02 -1.598342361460263405e-03 9.999986554693230945e-01 1.315258102256970662e-04 -2.587813923924775494e-02 -3.683906622824261270e-04 -1.321147621672167521e-04 9.999999715474893192e-01 1.349683086538306043e+00
9.999998441407002003e-01 4.631030673100562656e-04 2.400232557153639929e-04 -8.794937834881333405e-03 -4.634336985106109717e-04 9.999990176311052137e-01 1.376969909582587874e-03 -2.212018523516512403e-02 -2.393855183103970967e-04 -1.377081199394695251e-03 9.999989793980410546e-01 1.345145379108330985e+00
9.999991192505292004e-01 1.298950280105954161e-03 1.571591037524360901e-04 -1.574360234767196998e-02 -1.299194677888922773e-03 9.999979056997284621e-01 1.560728970879911130e-03 -2.772929745828678350e-02 -1.551312768012571295e-04 -1.560931534948337140e-03 9.999988291572557975e-01 1.345047584510396632e+00
9.999998502705195191e-01 -5.270440308425618529e-04 5.657394641685224512e-05 -1.247572099633482978e-02 5.271181340628188199e-04 9.999989985949122584e-01 -1.309238753379131977e-03 -2.799907661571676698e-02 -5.588320371441199793e-05 1.309268291959351377e-03 9.999990841992323354e-01 1.340399774719315928e+00
9.999999770312418823e-01 -1.193402714577991027e-04 9.701201028821953458e-05 -1.376639558456675683e-02 1.195954892996226114e-04 9.999965040447570397e-01 -2.642166204408067341e-03 -2.780774996248291941e-02 -9.669726271017540402e-05 2.642176987281751131e-03 9.999965328939310893e-01 1.338530724418077966e+00
9.999998476878172449e-01 -5.366820810759363519e-04 -3.953407864734872259e-05 -5.440562946726575089e-03 5.366356420267909310e-04 9.999991668480904261e-01 -1.177013057795027852e-03 -2.064835768507222724e-02 4.016657733158814341e-05 1.176991661385302273e-03 9.999993140870575559e-01 1.336278695630952029e+00
9.999977428753651365e-01 -2.132817583167903683e-03 1.383448986941062091e-04 -1.415288836719805904e-02 2.132635524709226502e-03 9.999968655134290341e-01 1.305467723871721938e-03 -2.703059541182928349e-02 -1.411291163372614492e-04 -1.305169645321143431e-03 9.999991330381604593e-01 1.344521694042299487e+00
9.999969974025605390e-01 -2.369683984106100896e-03 6.015357534617746813e-04 -1.201535053942682889e-02 2.368408675912000647e-03 9.999949395999835344e-01 2.113316985590195027e-03 -2.644304024517341034e-02 -6.065414748441567711e-04 -2.111885866022021000e-03 9.999975733546568879e-01 1.341081558863407963e+00
9.999983263018688007e-01 -1.582390273341093608e-03 9.142816421156509847e-04 -1.934926455176051024e-02 1.581783438902243343e-03 9.999985942766160818e-01 6.646142847874232477e-04 -3.187416163480305542e-02 -9.153318787590054720e-04 -6.631667112626703697e-04 9.999993335640465775e-01 1.338119794148553865e+00
9.999994055985723662e-01 -8.828288931044391431e-04 7.115870803886029626e-04 -1.821419300528684393e-02 8.838565506444522654e-04 9.999985140111558035e-01 -1.444965648879548495e-03 -3.059263541864698510e-02 -7.103101830948993977e-04 1.445593885766447394e-03 9.999987691371421406e-01 1.331887416033566751e+00
9.999979158920524469e-01 1.907442001727557845e-03 6.680561368555347056e-04 -1.804972683017014301e-02 -1.905832081013925051e-03 9.999952694268191555e-01 -2.403194780722216466e-03 -2.916811420706855174e-02 -6.726367914487831404e-04 2.401916310348570661e-03 9.999968138566464049e-01 1.328313626650754031e+00
9.999975684187715208e-01 1.952221110366936371e-03 1.087717121584404851e-03 -7.756713161027550818e-03 -1.949825173417601976e-03 9.999957169300061066e-01 -2.199605315750512418e-03 -2.206969523137924938e-02 -1.092006656066188538e-03 2.197478187961365761e-03 9.999970100896925507e-01 1.323570000985583306e+00
9.999943247300965288e-01 3.037415729397218746e-03 1.414027657712558237e-03 -8.526485802873295938e-03 -3.037104905680346797e-03 9.999954075628723071e-01 -2.234370487993201846e-04 -2.019726806052801749e-02 -1.414699810485340031e-03 2.191410678557240588e-04 9.999990057044336744e-01 1.331507230879751091e+00
9.999980192170635496e-01 1.431310034627051317e-03 1.419224036664920845e-03 -6.631893417661016699e-03 -1.434399268450774678e-03 9.999965237987521460e-01 2.178317944028691951e-03 -1.810986918848156435e-02 -1.416100920193995435e-03 -2.180348741034254714e-03 9.999966054014624017e-01 1.332904778907220589e+00
9.999994209732609995e-01 9.198886493507031712e-05 1.048436380812070058e-03 -4.563154758473797479e-03 -9.455073543511269176e-05 9.999969866967203247e-01 2.444600154811896707e-03 -1.933001043223248061e-02 -1.048209952254795015e-03 -2.444697041341576879e-03 9.999964964632460651e-01 1.334367780238920886e+00
9.999991607162832530e-01 -9.987698063498964048e-04 7.758718288776688928e-04 -3.251186953964979587e-03 9.982230911687965929e-04 9.999993372961846205e-01 7.046515067116250648e-04 -1.905491737813891362e-02 -7.765739895406242660e-04 -7.038765732222096970e-04 9.999994509227563277e-01 1.333836852760370562e+00
9.999993655567533946e-01 5.052398618268266924e-04 1.025489849495642104e-03 -9.906379049358982058e-03 -5.044744638731526532e-04 9.999995884720441763e-01 -7.474537997082583013e-04 -2.649905011558617574e-02 -1.025866992758660279e-03 7.469366844989831214e-04 9.999992114241463836e-01 1.343060995387290291e+00
9.999976657293583315e-01 1.760208138580969918e-03 1.244461597203143149e-03 -2.235942423171710658e-02 -1.759618210379451826e-03 9.999983238498009186e-01 -4.746011930601301706e-04 -3.980446742336418708e-02 -1.245295039667415398e-03 4.724105178198939907e-04 9.999990431208851671e-01 1.363645455164245845e+00
9.999973066874092709e-01 2.027251734469285183e-03 1.144450478601078888e-03 -1.888544822504489851e-02 -2.026821352201535562e-03 9.999978478555872075e-01 -3.745259115872467243e-04 -3.361468993014193885e-02 -1.145206847330986800e-03 3.722037913732317979e-04 9.999992623678747306e-01 1.355592514877088206e+00
9.999991203054506839e-01 7.477017159593895689e-04 1.126749066699908423e-03 -1.778533950081273574e-02 -7.465072213760354366e-04 9.999991932420649876e-01 -1.066961238032903235e-03 -3.432022609601448337e-02 -1.127546267784324766e-03 1.066119126500670103e-03 9.999988301369490129e-01 1.359102050055980726e+00
9.999988214729088609e-01 1.089297925354762789e-03 1.095363603266205242e-03 -1.499047659955810019e-02 -1.088680127393041718e-03 9.999992666720982637e-01 -5.622366575563361247e-04 -2.849285725394645752e-02 -1.095975809054970055e-03 5.610436016340407655e-04 9.999992489344010638e-01 1.353467527340939114e+00
9.999991975329859395e-01 -8.402029070112554529e-04 9.104425247200552971e-04 -2.110444849435211268e-02 8.404418928876791978e-04 9.999995345154661930e-01 -2.592280260483669873e-04 -4.158060249152883969e-02 -9.102248903951261783e-04 2.599929834012990461e-04 9.999995091784684709e-01 1.355196824236401199e+00
9.999995467684592576e-01 -5.208698566373888214e-04 7.619275560091421816e-04 -1.673683976753337355e-02 5.202623616718694962e-04 9.999996041935909075e-01 7.922663563955997931e-04 -3.372182191414285768e-02 -7.623354807942700094e-04 -7.918690493074737437e-04 9.999994153813890341e-01 1.356962986229333978e+00
9.999991802830082710e-01 -9.556660841637741296e-04 8.279491748871208685e-04 -1.927051916236832696e-02 9.544082406170959236e-04 9.999984037845750517e-01 1.527891875219738235e-03 -3.733639008160194450e-02 -8.294180110481833706e-04 -1.527100997856796526e-03 9.999984918844430082e-01 1.357199243386958187e+00
9.999994643789500426e-01 -9.970564020961168901e-04 3.180212383314370882e-04 -1.379188657881114111e-02 9.970268588817172983e-04 9.999994298686714078e-01 7.244083021858160366e-05 -3.073741663814377745e-02 -3.180798093526814745e-04 -7.212277532839391977e-05 9.999999466968740869e-01 1.348542051836147948e+00
9.999978332916046320e-01 -2.074039924314327078e-03 -2.790636654631412105e-05 -1.402696520472401787e-02 2.074052684378562342e-03 9.999977752675907050e-01 3.895583479896237971e-04 -3.274872209365664588e-02 2.708727354788894044e-05 -3.896155570173499990e-04 9.999999325921471449e-01 1.353832489623158608e+00
9.999985951419356756e-01 -1.662679298504146121e-03 -3.289068780560840707e-04 -1.780442446146013324e-02 1.662852668967792005e-03 9.999984712200911119e-01 5.259494880093269070e-04 -4.028893665750343800e-02 3.280361385381479417e-04 -5.264963180822371941e-04 9.999998190101797579e-01 1.351441524606599387e+00
9.999987721657795925e-01 -1.511253899313107652e-03 -5.408069874724574398e-04 -1.905433856850402563e-02 1.511057593637855348e-03 9.999988090506013449e-01 -3.644141516127986750e-04 -4.121465377259880825e-02 5.413614372040271823e-04 3.635970098128558318e-04 9.999997400696899463e-01 1.352903042790586596e+00
9.999979162271149802e-01 -1.589112598667515898e-03 -1.255317052274271218e-03 -1.569251959325734802e-02 1.589015781774156090e-03 9.999987751791957757e-01 -7.803939292964416044e-05 -3.311634099416593813e-02 1.255433112399264835e-03 7.604431873470204894e-05 9.999992999900009227e-01 1.345791738061080878e+00
9.999986369611773007e-01 -1.245131713487552041e-03 -1.075136481234148858e-03 -1.582232288669960241e-02 1.246217792196804451e-03 9.999986665731218638e-01 1.009356432389546792e-03 -3.364176790762973823e-02 1.073884313167676246e-03 -1.010695239424612120e-03 9.999988898826995820e-01 1.351590080431606111e+00
9.999982270944418605e-01 -1.560397790073505360e-03 -1.022719161150351152e-03 -1.393183784284746096e-02 1.560719185888577660e-03 9.999987557614005151e-01 3.132246894044046792e-04 -3.332916125469553847e-02 1.022224899260107097e-03 -3.148200125503516520e-04 9.999993856488359478e-01 1.349984624365418995e+00
9.999989198745343755e-01 -7.435552801727244492e-04 -1.301335037663990234e-03 -1.624938502103234761e-02 7.434406868588565179e-04 9.999997076005711083e-01 -8.863679287522635379e-05 -3.995928948924198920e-02 1.301401110940165464e-03 8.767023610058081019e-05 9.999991928400357999e-01 1.350021002803515557e+00
9.999992051910964186e-01 -2.599702839400866048e-04 -1.252858999059723111e-03 -1.427152381216800769e-02 2.593927156899019813e-04 9.999998745646966336e-01 -4.611941274212938424e-04 -3.372682804808091461e-02 1.252978621352399515e-03 4.608686820670600780e-04 9.999990432054197687e-01 1.349076856772256860e+00
9.999993189726670284e-01 -3.790081163066986070e-04 -1.040938264323288233e-03 -1.380788197664006844e-02 3.784890055049433175e-04 9.999997545934125043e-01 -4.990361736054740828e-04 -3.164345097956999808e-02 1.041126771805228092e-03 4.986411944991456019e-04 9.999993592073204152e-01 1.347507042602956062e+00
9.999982422599940080e-01 -1.638835089522837438e-03 -9.865217885691925526e-04 -1.237308180154061965e-02 1.637084098891063762e-03 9.999971008171594233e-01 -1.773588758654893668e-03 -3.296708134071657526e-02 9.894256836101415244e-04 1.771970122831407687e-03 9.999979160184295779e-01 1.347728531570140831e+00
9.999840366402945602e-01 -5.531741335404856408e-03 -1.130011288026984851e-03 -9.369165231646769953e-03 5.530116306042447312e-03 9.999836557135357573e-01 -1.437974004481411619e-03 -3.455135845923118509e-02 1.137947973028402907e-03 1.431701614469599402e-03 9.999983634611322447e-01 1.343196274253926958e+00
9.999762918956984770e-01 -6.786318949997378891e-03 -1.123971560676231872e-03 -8.635112818221157838e-03 6.789468663971313586e-03 9.999730533349943107e-01 2.823960763722263307e-03 -3.738608287408240471e-02 1.104776654750034160e-03 -2.831524891033248247e-03 9.999954135984304715e-01 1.352648267689346540e+00
9.999698200743708520e-01 -7.633614953896352036e-03 -1.469326878408311115e-03 -3.091048474135660307e-03 7.635026921947961169e-03 9.999703117770289973e-01 9.564260419861986100e-04 -3.122463309762357753e-02 1.461981919099368012e-03 -9.676158053703634012e-04 9.999984203081284662e-01 1.349093788578414888e+00
9.999936941380302979e-01 -3.322806788644973308e-03 -1.239470454831499615e-03 -8.056615162090219329e-03 3.319826743995424843e-03 9.999916791885132827e-01 -2.404152975600374904e-03 -3.519590772713021565e-02 1.247449015607747600e-03 2.400023592074565851e-03 9.999963890190268767e-01 1.344944755802515601e+00
1.000000033672798549e+00 -8.381165197712293902e-05 1.472724517697408071e-04 -1.011061765908238819e-02 8.439635555489348006e-05 9.999919369847489747e-01 -4.003012058357623658e-03 -2.960649027994044502e-02 -1.469356938501515167e-04 4.003023198059275228e-03 9.999919835621271513e-01 1.343538622751196954e+00
9.999933491723868029e-01 3.545275307097303825e-03 8.235622342907224702e-04 -1.735658608939449898e-02 -3.543802772547807386e-03 9.999921458323823842e-01 -1.781694476858491612e-03 -3.320215325496933545e-02 -8.298723923789761521e-04 1.778763550435516006e-03 9.999980484053360152e-01 1.345659512198011498e+00
9.999997211206156367e-01 2.556781569623014063e-04 7.532676463538465943e-04 -8.574845941917708103e-03 -2.556810506579296270e-04 9.999999830776065135e-01 -1.197928076227646023e-06 -2.500352532232907876e-02 -7.532682336711376409e-04 1.005170309838562938e-06 9.999996855929065287e-01 1.347091731308381668e+00
9.999959873882967587e-01 -2.722041981620590932e-03 6.744301632207748464e-04 -1.722864494596909601e-03 2.719923706020456466e-03 9.999914034554253650e-01 3.136861885663993002e-03 -2.463714947566630897e-02 -6.829630095757786195e-04 -3.135014296388953948e-03 9.999948791919353042e-01 1.348698750266521529e+00
9.999850722638982115e-01 -5.446413188988473084e-03 5.507349670856084151e-04 4.247373228752127083e-03 5.444593369485140576e-03 9.999798847858264450e-01 3.243786517676254533e-03 -2.417582520656846867e-02 -5.683906267801430842e-04 -3.240739150080037233e-03 9.999945715686923142e-01 1.350028862808244412e+00
9.999913506115156725e-01 -4.154701103283080232e-03 1.010060710081675008e-05 5.933237819840231353e-03 4.154696255634019418e-03 9.999910676844193658e-01 7.177519018631743977e-04 -2.691936119308868669e-02 -1.308247816874391696e-05 -7.177039522617869845e-04 9.999997586940443384e-01 1.348958101161485956e+00
9.999983884944794177e-01 -1.795368787142079476e-03 -5.140559341294707668e-05 3.670641892375092752e-03 1.795385163746537850e-03 9.999983259744135156e-01 3.723967457113395649e-04 -2.707760697398153837e-02 5.073690841796733777e-05 -3.724878218487680899e-04 9.999998982288988980e-01 1.346634475491867988e+00
9.999984926840440602e-01 1.553318919771660674e-03 8.282167418792179972e-04 8.664656812764626181e-04 -1.553616091361120126e-03 9.999987090958111224e-01 3.547972266784025683e-04 -3.066582869372691533e-02 -8.276646164594916172e-04 -3.560826786547332374e-04 9.999996347264628049e-01 1.350303753735744294e+00
9.999915105196006682e-01 3.934663332525771377e-03 1.209597578427216253e-03 -4.934206785303985043e-03 -3.934203117366748964e-03 9.999922355751733605e-01 -3.802063316173848228e-04 -2.940830604763577938e-02 -1.211084226553905486e-03 3.754442172581005130e-04 9.999991293544057136e-01 1.349681377356631629e+00
9.999937209238937141e-01 3.422706534636061736e-03 8.765589194178504935e-04 -8.979570283818016918e-04 -3.420583970383060841e-03 9.999912173505851598e-01 -2.418270687417098646e-03 -3.191813077997096570e-02 -8.848288950005832407e-04 2.415256633385258478e-03 9.999967367841524624e-01 1.350603010039179708e+00
9.999957540370466580e-01 2.836187578952780244e-03 7.353233563711864332e-04 -7.763633357260601997e-04 -2.835548631141296579e-03 9.999956362402194765e-01 -8.609930959615341847e-04 -2.545355526315917771e-02 -7.377618225318312468e-04 8.589038681945939616e-04 9.999993640958144692e-01 1.351186528880759852e+00
9.999978675047259680e-01 2.011652092833086328e-03 4.269889339341374356e-04 -9.230551484791238437e-04 -2.012227589847552858e-03 9.999970305507221990e-01 1.335623107407663034e-03 -2.579677852195594312e-02 -4.243003654290437008e-04 -1.336479374187837191e-03 9.999989793844857866e-01 1.358311649304539515e+00
9.999986071789821462e-01 1.638109479876759646e-03 -2.302733989202924113e-04 8.416945142775134059e-05 -1.638143720615550846e-03 9.999986833864170643e-01 -1.926827449564931223e-04 -2.918998672133588101e-02 2.299561318010147825e-04 1.930599879919099192e-04 9.999999850489603714e-01 1.360983656352686921e+00
9.999980452258456776e-01 1.912556356450253797e-03 -5.334144662565901531e-04 -2.913742593811718962e-03 -1.913843993681235960e-03 9.999952528482193292e-01 -2.409473981099521586e-03 -2.700382895712438724e-02 5.288048208890978137e-04 2.410489481712609506e-03 9.999969273807425285e-01 1.360169022562985219e+00
9.999937656171933309e-01 3.480073377970973724e-03 -5.541015341738277696e-04 -5.762713444877887170e-03 -3.481667045333074022e-03 9.999897081694283374e-01 -2.906538472726648802e-03 -2.677181494303848552e-02 5.439805698007955286e-04 2.908449435698499865e-03 9.999956075114997400e-01 1.359610437437822839e+00
9.999880522412860628e-01 4.894026056058334295e-03 -2.119913689954609195e-04 1.951942918920801517e-02 -4.894304172778436886e-03 9.999871661706085657e-01 -1.307303600568312640e-03 -1.398865867726506451e-02 2.055912735165967183e-04 1.308325268880117980e-03 9.999991555765730400e-01 1.364497586335573942e+00
9.999893991566947138e-01 4.595149097405283253e-03 3.049266026638986177e-04 1.497513465861666226e-02 -4.595404435329285622e-03 9.999891032081974496e-01 8.372455835198400025e-04 -2.158824437620943115e-02 -3.010766334963479378e-04 -8.386372949788573538e-04 9.999996531628931873e-01 1.368928993787335457e+00
9.999942943550864660e-01 3.330032857405836998e-03 5.429775061421761740e-04 1.768521397721434241e-03 -3.331366031612894695e-03 9.999914457594333284e-01 2.471996026640976060e-03 -2.020765042530126010e-02 -5.347411595913097128e-04 -2.473790420032241210e-03 9.999967500166806467e-01 1.376427630015342629e+00
9.999998999253708609e-01 3.634777074470005743e-04 1.324144830301151427e-04 9.955176575537905137e-03 -3.637391396524752613e-04 9.999979569250370126e-01 1.975670744024769429e-03 -2.003194885642045620e-02 -1.316965595445465957e-04 -1.975719111862369107e-03 9.999980704933628672e-01 1.379627072615136285e+00
9.999955895166803277e-01 -2.853016638863845392e-03 -7.845494585715729122e-04 9.120357118612476555e-03 2.854073890702424950e-03 9.999950415174045926e-01 1.347932511705633848e-03 -6.034689793026348781e-03 7.807006272572288540e-04 -1.350165080222390972e-03 9.999987664641312168e-01 1.376689274390656692e+00
9.999953634899483301e-01 -2.554077713030056956e-03 -1.678150820807347435e-03 1.094769352943925078e-02 2.553850483422220527e-03 9.999967138714895842e-01 -1.377584228670531460e-04 -1.158680939326517390e-02 1.678496284910327343e-03 1.334713958893711137e-04 9.999986230728378223e-01 1.375570299058210821e+00
